2131
3118
6606
7883
7971
9886
310
656
8094
6616
4008
5553
7120
8904
5678
1920
2905
5364
2433
2675
37
5143
6210
8522
577
2293
5817
1860
7487
8978
6991
4817
1110
6080
4775
5803
6697
7959
9269
1066
1243
7130
5497
9045
2584
987
1040
3303
5923
8654
4456
2114
1666
6344
8690
7773
8537
889
5345
6468
7350
7291
6750
7164
748
8111
9864
1355
4241
8803
3848
1544
4538
2356
1834
7241
2931
808
2801
5312
3195
4048
797
6540
1998
4537
1493
4728
177
2622
5286
5207
5545
2453
6251
7652
3768
8846
3381
2177
7109
9874
6305
9862
2756
2799
5091
4228
9553
5503
6952
7693
2749
5836
1022
1652
8528
7281
8270
5676
2123
3920
4453
6521
8183
9038
5507
4099
3907
2640
9536
651
7055
4533
5026
8445
6579
180
9783
9903
1132
8681
9205
9674
3940
9195
303
602
13
7194
7848
887
1629
566
2137
4731
6458
3139
7927
8933
1674
2592
3714
96
412
9618
7153
1321
1670
9032
4982
7042
3960
1991
3532
3643
6029
5647
9330
6097
4328
4615
9729
7024
3709
4552
7168
4558
5098
1364
2919
5854
538
4972
2952
8271
8836
3318
8579
8701
5136
6967
738
2255
4526
2090
3562
9939
7832
4178
6358
6169
8864
8393
8483
3012
232
4467
9186
4839
8867
678
7956
4160
1939
3682
1300
9691
1445
6136
3313
3362
2100
1262
2214
3233
3296
6183
7936
308
8197
2360
1972
3272
3891
5759
12
1757
9857
2688
4657
6731
9340
3970
9198
991
3039
3657
1941
1436
8582
9338
1387
2935
7892
4861
2599
7332
2142
8761
7669
5267
1341
2698
8529
2319
1183
4703
6221
7994
8564
4096
6763
5930
9124
5107
5518
5677
1317
7719
6676
9302
272
8437
849
2394
1964
5634
8495
4359
699
6787
1901
2575
2088
2903
4244
7422
3645
2759
290
3689
1793
7002
3603
6694
2011
8570
173
1594
2002
7161
8687
9500
5715
9101
9702
3442
8811
8013
2836
2921
6681
1907
8500
6003
9389
2729
5174
5131
4002
9228
4047
6239
4447
3612
6053
6219
8060
4903
8003
7136
398
8289
5211
6366
3128
1027
3463
906
8039
508
7657
8622
9575
2365
8392
2548
4472
6928
8489
4945
2362
3791
8797
3468
798
762
8765
2846
3265
3512
5505
7427
2784
5642
9428
7582
8973
9835
1943
4550
4521
7155
4770
3804
2408
6236
1759
5367
5418
14
8449
6841
8037
264
3644
3342
2923
7767
9889
1099
8152
768
5607
3670
853
1046
4053
8879
1915
5401
7086
1658
671
3596
4437
6977
540
314
3319
7065
7880
7967
9989
4116
9503
7747
8911
5322
5196
6044
847
3841
6755
71
1486
2982
1196
3186
3769
2616
2967
6752
16
3256
2291
2776
6834
5716
8418
6312
7822
1081
4022
5496
5449
5283
5898
4793
7282
891
6790
1854
4665
8639
3198
7468
4049
6378
8551
1148
6829
791
7451
5621
5537
6419
1173
5271
7863
9501
336
8917
6324
7523
6649
8485
1230
2444
3090
2582
3374
8578
9725
6452
6573
7390
1426
6408
3892
4093
1697
9738
9850
5033
4702
77
2521
7477
8367
2804
6449
8231
2383
2074
8506
2435
1150
1595
3359
5859
7725
2243
4135
9881
7154
1708
9418
920
2056
5344
6323
8414
9905
2793
3552
2339
5874
8520
4137
9666
1331
4655
7099
3415
7569
8785
3571
9071
4259
5331
6175
7552
7953
1441
4765
7544
832
3969
5914
2757
5163
9566
379
5650
6964
9488
7995
2509
8547
9452
526
1384
2492
8474
8031
4556
5942
5992
6286
4261
7787
6693
376
1643
6463
6709
85
6153
1886
6671
6308
4007
960
3441
8770
9705
5482
7854
2888
8779
1865
1593
466
2029
4641
6547
8428
9297
1215
4808
8225
3480
5385
9160
6721
9610
479
4444
9257
6296
3152
8589
4561
3097
6417
6499
7387
9696
5044
3541
8535
1316
5653
8232
2490
2586
3838
4913
6846
442
5837
9605
4390
3049
5879
2275
3360
2769
6975
8997
6139
5814
7448
1422
4742
3945
2472
3455
8986
3291
5964
7928
6571
3293
6142
7392
956
2556
8953
1574
7643
5782
4582
3978
2741
6331
6781
6242
8348
2951
5191
8239
1653
9273
8565
4221
1557
1712
9278
716
4407
3616
7167
524
2178
1984
2842
4708
6303
1429
1738
4454
5340
4710
8577
2576
5197
7178
454
6131
6889
2547
3777
9118
2379
3821
7345
7436
9810
8161
9130
1365
331
1462
2873
8536
2573
2881
3503
572
8443
3043
6151
7721
4737
9670
46
3864
9244
643
3526
363
4498
6751
2194
6018
3134
4147
2035
8682
9884
3230
3543
2764
5681
7171
92
928
8899
6237
1679
4832
5188
8229
288
1561
7982
8738
8176
9845
6899
8237
510
6511
1210
2369
2372
3207
5099
7860
7060
9023
9125
620
8732
5652
7847
4260
5082
6152
3737
4279
1563
2644
8908
2928
2963
467
1782
1874
8692
6959
2879
9887
1982
7202
9316
626
4714
6258
5177
6446
9519
9739
821
9984
7505
9074
5407
3977
2844
1919
652
1380
6940
2670
962
5977
2164
5122
7902
130
2512
5346
7618
2401
8460
8831
441
9126
6033
1766
3418
6167
7315
9006
5512
2980
4965
8040
4414
2134
8705
7068
1827
3621
6630
2738
8944
1032
4542
3023
7581
5395
2827
5555
9015
3406
5851
4035
2527
2439
8923
280
1937
7875
5489
6123
3006
8186
3853
4853
5618
1434
1011
3065
5796
6076
7807
3289
9377
283
2197
2181
3772
4745
5692
8857
8878
667
7473
3472
2018
5291
761
5096
9121
4859
9344
9498
409
4364
9522
3068
4658
5544
6197
1524
1760
8518
8922
2191
2747
49
517
7597
5626
8385
8928
607
4296
8865
3484
8478
9144
5429
7887
796
8028
777
2422
6823
7874
4176
7646
1326
7199
4619
184
7260
9996
7963
8304
5909
6994
7274
7752
9549
4933
5539
2257
2381
8693
1145
4790
9409
300
8318
1175
3358
8216
8067
5502
5294
2031
4342
6206
2561
2283
812
2465
3577
3499
4231
3203
8675
4310
470
5693
75
961
1580
3091
8847
6667
7147
7524
7650
3759
4883
7044
9844
8945
452
5658
6859
7756
9387
9640
9957
5316
2890
341
589
3162
603
6057
8326
2322
2590
2449
4153
7749
76
3728
4682
663
5582
9679
2477
1892
4646
5225
6232
4631
6902
36
9291
9880
4225
590
6754
4402
4781
3783
6980
385
2292
8966
2546
1270
6144
3469
6193
8842
1109
3373
6554
2119
4548
3383
6266
8515
4555
7802
8504
9661
434
8613
9442
5048
7587
5871
7354
8249
7424
3407
7881
3142
2253
2039
5733
5660
5920
6700
830
8277
1142
6625
4468
8816
5882
4115
2079
2301
2541
7604
7688
240
4175
6773
3131
4340
4317
1280
5365
9337
9870
5221
5245
7513
2289
3610
9346
7252
3011
9241
8433
1507
5178
8221
3677
9397
9079
4127
9142
5970
6658
9619
5779
7486
1688
5847
188
5042
9976
5151
2724
3872
6472
842
1719
7823
9493
550
6942
7745
1059
6420
1613
9234
1275
4494
4292
1015
2960
4376
9166
4623
9024
3185
3329
5156
6374
1772
8767
938
9699
4843
3584
3859
7020
396
1825
7738
9723
5720
9161
7708
5577
6756
2803
9869
2104
1176
7459
1192
9324
5711
1269
8189
1635
6982
6052
5296
8776
5
2374
8553
140
5342
1256
1709
9516
7298
9743
4776
8135
9994
6290
3493
787
9425
988
3834
7973
5210
7586
3954
4214
8287
4356
1086
4085
4928
4967
468
7212
7621
583
2338
9943
6395
9787
6054
1264
2943
7016
8558
5355
8999
1851
2
636
6467
5258
7321
1250
8805
2145
9829
2849
6622
7512
1935
2550
450
1159
5416
5398
208
6997
7069
5576
1820
708
1310
5142
9341
3642
5749
5343
6895
3622
9842
8072
5636
5253
2941
8102
1125
1540
3388
783
2588
2234
4313
2030
9268
4571
1348
2851
8131
2529
4415
9352
2078
5112
8383
1459
741
1203
9140
9848
4013
86
2872
1455
7744
8217
9146
2382
259
9137
7043
1769
3228
4097
224
1204
5831
967
2642
3040
7064
9521
2183
3997
5509
5484
7385
8673
7568
3752
1482
1651
2404
7977
9039
8909
392
3899
1072
2161
5667
8342
7580
4823
3539
7234
2834
4063
1473
2380
6528
3107
7453
4687
7763
8653
1143
7678
7972
4046
5890
563
4746
157
3277
4704
6932
5493
9544
4308
9364
145
1428
2567
5311
4712
7361
581
2520
4516
7432
4172
3205
4211
4291
5952
4626
7414
1438
6908
2364
8247
5114
5104
6835
9684
2772
2070
3103
4602
7245
61
5722
660
4133
2579
9112
3034
5533
8276
2236
374
4596
6704
6498
473
8890
3454
1187
4500
9223
9251
2878
8162
5290
8020
1315
5244
8906
4145
1749
3626
6298
5190
9105
5719
5813
9816
417
6484
1140
7216
6411
1862
4519
7267
1382
600
7304
123
5424
4857
2468
5251
5506
9837
2388
3675
5656
9467
340
4081
5848
7277
795
1965
5263
4515
7795
872
1589
7085
6348
9671
3946
4349
8124
3718
8505
2028
3985
4590
4698
9779
4610
4545
4012
4125
3589
6351
6748
6929
2141
7437
4384
861
4322
8411
7983
9745
7067
6772
4078
4087
403
1069
5682
8882
193
3854
3299
3921
845
6583
2277
5039
2209
3678
3598
3609
5757
9730
9969
784
9309
1233
1181
2918
9926
2409
4052
1370
1458
7849
3831
7828
1829
2464
7369
8477
1880
860
9814
907
2627
8132
7319
317
5356
4235
4680
8238
4183
3389
4204
8258
9378
9937
9247
5619
8612
8754
9190
6440
2077
5983
2450
1817
5229
5694
2353
9672
11
4110
4709
4943
2932
8807
4406
545
1963
4507
4331
5548
7861
2777
6724
6747
3160
5463
32
8884
4875
4072
844
2336
8320
4015
925
4722
773
17
6958
8213
5243
9632
3801
5079
9236
9398
4608
4612
5310
6948
1208
8939
3992
8390
2208
7997
7761
8108
8657
461
2999
3386
6046
2713
5765
877
3972
5442
6883
3654
7553
4233
662
2436
4004
5008
6238
6735
1117
9300
6353
151
8961
3908
5597
4797
7710
3927
5089
2535
3849
8206
8844
6010
8625
9664
3860
8632
62
3225
6025
9968
6837
923
5816
704
1815
9685
815
2523
6986
6224
5530
8919
5674
3545
9789
3076
5168
4448
5170
9882
3522
3300
8163
4527
6685
4684
9390
6269
3588
2172
4729
43
9157
8432
3375
4827
8866
9208
9559
6259
6035
477
4812
9294
2678
3250
8472
1209
7978
266
868
2897
5995
2434
2308
6024
3989
1571
1799
3897
8458
1056
5944
7124
3422
7573
2545
8810
3448
934
5630
1604
4250
4495
6263
7478
7778
115
4441
2448
9093
2242
3817
8707
8877
1188
1435
7531
4638
1224
6706
1987
3231
6861
8874
4699
7711
8352
5374
1218
6341
492
9298
1537
7865
6931
8703
664
1219
1476
1618
1962
878
2440
4000
3101
6634
1577
8317
497
3705
8618
2876
3835
7421
4026
749
7461
779
2712
1752
8322
1049
1151
1570
710
6842
7101
9878
2506
2748
4073
5027
4997
1094
1551
9541
41
7826
93
8624
6381
5436
851
3904
5543
4758
9812
9707
1491
712
3961
9240
2491
7882
8713
2055
5643
5453
6901
9259
9622
1001
3426
3902
6454
44
2075
1717
4335
6538
2610
4721
1036
8038
8763
5845
8315
2298
4988
8281
4992
1083
2377
683
5444
5637
9171
7817
7637
1725
4675
8181
3094
9499
5538
6503
3302
5115
4800
2266
8850
9851
7059
1362
7770
1597
9927
7397
5974
3244
1767
7383
8400
3949
4091
6111
3619
4391
8358
4630
9221
1983
6749
5997
8546
2425
8871
9410
4743
9742
7157
767
7709
3117
4871
4686
9754
8139
6725
2286
6879
2406
2681
3646
8142
1216
6711
1155
1519
4032
211
3623
2446
8339
7630
7831
9090
4668
9795
9967
3273
1202
8444
2455
8517
5536
9446
5101
7464
8595
6886
9274
2672
5605
3474
5767
2132
7727
794
6682
1442
1764
7827
3316
5304
9050
4806
775
894
2155
2317
7925
4971
5661
9655
252
309
9895
5867
8659
951
4974
6406
9305
6355
4949
5301
5525
7736
8751
6069
5602
9150
3811
4215
766
6481
1562
5855
7215
829
1647
8918
1787
4284
4511
7904
7254
9693
5437
6207
6435
2316
6192
8064
156
7393
942
9202
4249
227
2004
4906
6211
1450
4844
3156
6099
2386
4876
7026
5645
8212
9983
3496
8948
484
9264
6150
9876
657
9508
2222
4258
7187
9910
2188
3963
4535
186
2302
5805
6465
8557
3352
8678
7516
8063
5933
7672
9650
1526
6086
1407
3658
9420
7903
9061
6105
893
8720
1050
4900
4083
870
4321
5520
617
781
3994
543
7165
9222
6532
8694
5989
7955
969
5201
1565
5111
114
5793
6744
6924
522
1656
5306
5622
621
5362
9716
5446
408
869
6063
8391
7188
4378
5144
7714
2768
7845
1994
8199
9776
6328
5900
1160
3210
9395
5881
7504
1033
5475
4419
1634
4912
9675
6009
6512
8462
3957
5109
5289
9611
2948
9287
7555
5002
7358
5460
922
7293
9520
1527
1226
1267
5806
7406
7507
3695
5088
3402
2376
2985
605
4772
6784
89
393
945
5598
1753
2040
8856
9574
3602
7077
5315
7082
5132
6261
1857
4462
7784
57
7132
7976
2705
8075
9557
1443
5723
6191
2760
8679
6504
596
5162
8742
22
2823
6542
5981
9069
2517
3073
4297
2977
6815
4196
4217
1121
2717
4272
1672
9260
8548
1823
5435
2838
8451
3959
2564
4191
9602
316
6608
6785
413
3606
6502
6729
1494
4644
2812
8133
7284
6222
7566
1180
3297
3939
8014
1472
9021
4778
1704
4773
5246
6475
8422
9054
4398
5611
277
6635
5327
6140
6726
8337
3591
6596
5134
3085
2614
3962
3984
7944
7471
1411
8487
8539
9955
1113
2276
4003
8698
5219
6008
1680
7941
9935
874
5412
3013
9296
1172
2375
6447
3500
6042
1008
4506
9578
4287
6916
8644
2396
7135
4563
9817
3771
9255
647
4973
2885
7884
1792
3916
8841
2196
4958
8476
2940
4436
2260
8759
3559
5761
6082
2515
7975
4572
8898
9013
9094
4659
471
6233
99
9784
8119
5336
5738
1532
740
8307
593
6563
9304
2612
8799
2212
1088
7644
4499
5769
9805
750
4651
5077
5411
1354
4065
6223
4298
2367
2895
963
2752
6299
7641
943
4554
6248
1610
3071
1586
3119
7096
7121
7372
2226
8089
4227
4209
4517
3409
5748
6961
9213
9803
2560
8341
3168
5326
4807
7366
1649
5092
7131
3196
7015
373
6264
250
1068
6788
4334
2112
8496
9098
709
1452
1789
3607
3638
9573
5011
9762
7075
262
4386
5474
1184
4578
4647
6801
7521
2837
4611
9323
5569
2819
3686
5565
8702
2451
2680
6203
6486
516
2146
5319
3239
7466
8630
4620
9275
3594
9818
6592
3018
5824
531
2821
2820
3428
8527
1803
2761
4966
9386
2623
4478
7001
1102
2864
8615
4044
8324
2219
9873
107
6887
1297
1390
802
6041
7218
5328
555
734
4881
6493
9822
4434
7356
472
1104
4393
5408
8154
4060
5827
3672
7305
3112
5707
6708
5578
8762
6005
4925
8730
1795
7054
2671
3535
4299
6363
9907
2692
6015
5116
5758
8843
5792
6984
8122
8823
8853
2555
6415
9897
9113
351
9965
2887
439
2049
9607
4625
7271
5872
8838
1037
909
6143
2856
3104
4028
7331
7942
513
5135
5808
9959
700
2924
1845
9062
8757
1003
5259
6890
8726
7805
1933
2603
7084
3579
4109
8585
1376
3056
4354
9206
4174
5527
474
5003
1648
9735
4074
6599
8366
3254
633
8766
2927
3510
5732
9985
595
2510
7472
659
7058
2532
249
6375
2589
2791
5189
5284
3470
9283
1386
5639
5821
4591
9138
1313
6195
4185
5939
6593
174
1879
4042
6285
1641
4358
5105
4288
4895
3987
5141
3856
9258
5380
9393
4111
4510
3179
347
7133
2084
2148
6966
9917
1154
1542
4451
8488
9042
245
8814
9703
2341
3754
9596
6148
7532
611
2085
239
9474
6444
7311
8121
6113
2966
8971
3346
8467
2351
3743
2955
6083
6946
4131
9012
9491
1483
5413
556
9091
7490
3756
2805
9360
3498
7201
8722
9773
2019
9804
2577
3578
3404
7145
2093
1399
2279
3100
7557
8297
9396
9982
4691
8957
873
5905
1721
4301
9934
1101
4805
2792
3269
8461
8796
9313
1327
1729
6084
3767
1967
4579
6917
2861
2965
5685
6230
8430
958
6416
8727
8744
360
1043
3544
3730
5102
4234
9531
9456
4245
7635
2699
2195
8150
8998
350
2783
7537
1543
7699
103
387
8562
2392
4987
5172
216
8407
6874
3145
3762
7737
8572
191
8731
6422
3248
2715
4963
2065
4148
8914
8881
7612
5526
1723
4327
20
5494
9823
7045
7100
4802
9350
9162
4898
4880
8629
1116
2870
3549
6505
7003
2910
3697
358
102
1885
1978
7005
1796
6927
8554
8555
4338
6066
5285
7349
2399
7192
3431
7337
87
1377
2767
3698
9197
1221
3461
6965
901
5063
8071
7979
3310
9159
701
2378
6668
3991
5247
9793
7071
166
7632
5773
6598
9755
2012
3020
3720
3948
9468
7240
2728
2230
3574
7876
629
1722
2930
8580
4584
1773
5659
8507
6648
8423
4411
319
8596
3688
3858
3477
8384
7217
2753
1431
7813
2694
8243
2618
2866
2711
788
5040
9028
7599
7036
8061
6789
7426
457
2605
5481
6760
6836
7690
7608
4930
2746
7640
8055
8977
9583
2949
4840
7834
9542
80
747
1506
116
158
713
2563
258
715
8755
7193
4192
8314
8593
7198
8638
5081
4024
7232
5086
2262
4784
5118
8438
9942
1777
994
4929
6462
26
1905
8795
1640
5199
7689
453
4079
8357
9439
9915
7007
2099
9697
1683
3567
9669
4764
1129
4636
6431
6730
6399
3286
5215
7221
6591
1735
4977
4206
9343
9827
8295
1872
3726
2101
7457
9507
979
7143
1211
3081
5067
7673
8947
9977
5522
9660
9724
4202
389
8192
6100
6926
178
567
7626
5546
6525
9893
8706
3367
7129
1755
1969
2900
7335
8127
8398
8091
5712
7614
1213
2528
6854
9858
1891
3348
8440
199
5657
7144
9458
625
1702
9775
359
2026
6840
2089
3692
4016
9802
1053
2095
8123
8408
841
7051
7723
5208
2645
1276
5218
2426
3432
9096
897
3557
7911
6325
2500
6333
6589
2403
557
2157
6394
695
4635
7452
8677
9188
9659
8652
4318
325
728
5727
8530
4915
9560
782
9405
7450
3691
7676
5892
6915
8032
8913
5559
4247
9345
1818
8753
3716
7088
3035
5608
2629
5528
1619
5961
7740
9971
9570
7207
1416
4423
97
7780
6575
610
1284
8017
8512
5885
9919
2815
1504
5266
79
493
2021
6617
2664
2745
9698
2259
70
2524
727
9753
1592
4252
5488
5743
6602
8710
9492
539
2068
2598
3412
3113
9383
2238
946
3175
4350
4846
9909
7812
7958
7307
2549
9974
83
1884
4343
8531
327
6933
1195
9116
7309
5910
4595
2102
9052
2413
4995
7186
3243
1546
2240
9774
458
2344
2736
4809
7493
6021
1686
4739
4237
7663
4544
4666
6981
9582
3882
7579
1168
9347
5745
4326
7078
9997
7125
2346
3151
3708
5764
6182
1277
7502
8740
3197
4754
7899
4810
132
4650
192
6179
1893
9515
4341
5123
1385
5183
1785
9155
4774
3604
8226
5317
8016
3608
7613
4529
8148
585
2730
3215
1222
5445
8674
4935
6663
8804
3202
4170
5788
4696
8628
1079
6031
3875
5581
5826
6280
6432
4201
3827
9580
720
6722
7375
8023
63
2808
4069
6792
2248
7628
8981
6642
4539
4783
8996
5666
429
1896
1631
4814
8649
1646
2071
7176
2043
4601
6274
8235
562
3661
8938
9821
2956
4762
3370
1347
4575
6229
1698
5770
271
5061
7046
714
1095
2416
8883
5625
9546
778
9235
6734
9394
2504
8363
7259
3636
3029
7933
648
4960
5594
4381
361
4404
5366
6134
952
1171
1612
4405
7533
8499
8509
9631
5159
1490
1560
5696
6912
7112
9216
8671
1606
3942
9214
6506
3437
9037
3706
3837
5464
4152
5153
5809
8711
8949
9972
996
3818
5320
8290
1392
2187
2551
7660
693
127
9156
5303
5924
7156
7296
7290
4070
1288
7809
1545
823
3722
4219
4842
8027
8789
898
1567
2643
1030
2970
3232
4707
3481
7146
8721
1959
8026
4084
3141
989
3200
637
2482
3780
6369
624
6205
6851
189
7991
7184
3568
3971
8534
1344
7174
5523
5556
3423
8802
8542
6733
707
9210
5137
3079
7539
2922
3074
1096
3824
6485
7380
4654
7258
964
9629
3525
2807
5273
7981
5454
8769
4348
2158
2481
5265
6805
9070
9543
774
5325
5587
4154
9047
9860
618
5532
4841
8829
3906
1952
5459
8550
9673
534
612
4688
7022
9718
3785
4490
5012
5670
8858
4803
7647
2853
6477
2329
228
1062
2193
7606
5106
5549
7895
221
1516
6165
8300
5778
7017
2657
4224
3246
6770
1314
839
6400
6434
9114
537
8748
939
2817
8360
353
3863
311
1953
464
598
8471
172
753
1549
2859
3542
4435
6738
8120
2198
2835
7371
6979
5789
2869
7769
6385
3052
8087
4264
5198
7806
9220
6621
4780
35
330
4413
6546
8062
9295
9811
3066
5601
6413
2806
5204
5347
6220
8285
8902
4872
7535
5558
6560
6103
8419
7197
8059
495
697
7706
423
2830
8835
7346
8293
3323
9154
4867
9104
5551
6494
8863
394
1479
1864
764
1900
2467
3267
1921
2165
2110
3885
1973
3220
4938
7097
45
2782
3290
8781
3403
2780
5158
4953
2412
1514
803
6716
1417
5406
68
25
7389
850
6822
100
804
7294
1800
8604
9181
6145
7792
8699
9058
4102
4374
7093
8115
5883
9483
785
9856
1930
8015
1028
5348
8167
9523
6565
7469
1539
4865
2281
1786
6564
9427
182
1474
6684
3495
6888
9380
9833
1291
1707
7268
8672
425
2278
8351
223
677
7322
1071
6999
7447
9321
1535
6620
6695
9382
4142
5801
986
6918
19
1849
2064
7363
3330
3820
3331
7893
9923
2661
7591
6014
6925
535
4388
5069
7986
8260
1212
1440
4640
5262
2385
8459
9373
7433
8666
7810
1779
162
2057
9769
7623
9078
2687
4163
2010
8106
5480
7123
6903
8173
646
3213
6951
8313
9430
4589
4274
3652
5702
1791
110
8278
8826
214
8005
8479
7950
9551
1421
6826
4229
5383
6184
3615
5850
7374
7800
9490
3988
3788
4639
7596
2883
2469
5958
6758
3707
760
9075
2891
7151
8484
5396
7912
8001
5729
835
9165
1598
1663
2516
3753
8412
9331
7416
4162
4540
6515
9219
7219
220
7287
1358
1748
3778
5842
263
7888
1448
6897
8057
3975
4488
3041
3224
2581
5739
5462
4917
9400
1199
2150
2631
4276
8273
8862
520
6849
6768
7879
7753
8614
9243
5908
2348
2947
5638
7850
9533
9744
119
8416
9914
3690
8220
1424
9081
1057
5154
5314
5491
8442
4167
6780
616
1918
2354
7411
8749
4753
1590
3212
5001
6652
1097
3184
7206
8510
9528
2663
6243
1925
7872
1360
608
2848
9429
9667
6898
8201
9322
9782
159
1052
3161
8424
1123
9030
3167
6345
7897
3177
9120
7715
291
1371
2613
2358
3171
7501
153
5863
1301
3317
6253
9067
1992
1842
3711
5541
8786
8876
8413
729
4392
8813
9367
6529
6321
7877
6091
6418
9016
1608
3059
6878
7052
2976
6213
2475
8222
1185
3275
5823
7428
7797
4424
1895
7987
6043
9239
1811
7765
5472
407
3140
5113
6294
1909
5566
8549
3452
8109
1467
418
2136
5951
9949
9192
2787
9517
6159
5830
1667
4757
743
2709
226
3398
3508
1736
7961
7782
2210
4076
2654
4999
1993
6809
8376
4787
7923
3758
6306
4931
9254
2519
5730
1281
1114
1366
3126
4023
5486
2487
4194
6911
2118
1351
3855
706
3332
1830
8457
6570
7158
5672
2497
3189
1010
504
7460
2867
5469
6246
8658
2221
3576
6364
3734
9721
1433
9921
1754
2936
6483
9953
6445
5035
6793
28
1605
6803
2140
7943
4557
3165
7602
9184
8663
6941
9593
1774
4090
3153
573
684
6393
8670
9799
2754
3235
5193
5633
2538
2463
4143
5554
2184
9855
3781
5614
9694
7984
2167
7720
3465
5774
3355
7910
8350
296
2432
7698
6026
2973
9868
4190
7538
9423
3354
7080
4173
136
1460
337
3774
1812
5214
7514
9100
475
5124
9172
9588
2638
8960
1302
4014
8153
702
3931
381
1353
2913
892
6072
7906
6778
6853
7256
7615
15
7444
154
5430
1525
3713
5448
4799
6125
3775
3823
4267
9348
1816
3877
5387
1100
4751
5654
5664
9494
5339
1304
2679
9189
7814
8029
7023
7431
3540
4937
941
1848
6075
675
5953
1485
3630
7554
8241
8650
1045
7149
9796
6914
39
1732
2342
1023
4290
7946
1227
146
149
257
6624
2508
9922
9046
3993
7584
1902
7680
1163
4524
6110
3226
9200
2350
4059
1883
3967
5797
203
1638
1868
483
4139
6198
8169
9128
3271
2847
8469
2200
5975
1166
4767
5755
7484
5965
6436
2633
4397
1914
8323
833
282
1469
2841
4813
5016
6456
7764
852
3524
8125
9191
2911
5230
1780
4866
5839
4100
5441
6133
1253
2414
5126
6016
6479
1714
757
476
1642
4257
597
9426
313
983
5353
3613
6038
2829
8822
1813
1255
5590
6426
5468
5680
6548
7914
9314
3700
3903
7793
8083
1296
3183
4281
5967
5724
4005
3390
7494
1063
7930
5731
125
1231
9790
230
9227
4788
7394
3027
5937
6347
1888
1898
4271
6019
7559
8697
7031
9108
3130
4151
3356
3746
74
1229
7251
7624
6254
7438
731
1082
5853
9732
2794
9175
2143
4581
1357
9414
5270
5529
7846
2944
1111
6862
771
7842
6360
6753
9888
1497
3819
8623
3744
2607
5690
1251
7479
9746
8735
7118
9913
6679
7739
9276
4886
3569
4994
1501
7833
4266
2790
6320
1332
5887
7732
4503
4921
582
1177
8303
6745
5662
64
622
246
6397
1107
3218
4755
601
8581
4961
6677
9185
1133
5391
4491
569
4476
67
864
1240
5591
2094
6556
6983
8035
6701
1802
6346
2652
4408
8024
1201
1861
7718
9368
201
9924
213
2180
8545
1115
3965
5466
1268
3000
4968
2251
2122
3395
6875
3996
9385
6194
944
9768
1745
3517
9256
606
4482
9947
5056
8233
3268
268
6904
1287
6451
7932
9211
8218
8007
1093
2454
2735
827
3587
8092
8345
8364
8800
274
3509
7675
4433
5935
2865
8576
1372
8758
9834
4978
3483
3633
7110
2526
9288
7030
7141
7508
2578
3345
5302
3898
5080
3078
5074
8305
4129
2149
4882
2466
9734
9766
8830
9524
3565
4624
3222
3880
1499
2345
9627
1241
4560
3618
1522
6992
8138
410
2325
4077
3237
9152
1361
7314
7940
7302
993
2135
7564
1940
1324
4922
5705
6998
4280
9952
3639
8033
8974
2313
4369
9365
6428
7351
8680
7239
2269
147
427
1727
5133
8875
1553
9701
1520
4942
3009
5185
8441
8872
7658
51
5584
5072
5663
1318
8330
642
1259
2855
9710
5987
8268
9529
190
4339
3851
4034
6910
4607
143
215
8410
8236
3575
4824
7500
2361
2742
7962
8688
4121
3138
2152
1405
5307
6613
5772
6686
4794
3926
4360
405
1454
9218
4975
7920
5519
5800
5220
7520
2229
7399
6318
8524
6562
5498
1266
9440
669
4282
5689
6101
6765
7189
7722
8417
4329
3973
8030
3580
9916
1768
2700
2296
5013
8633
8840
926
3064
8463
992
3729
6732
9299
948
4752
6497
9454
2159
9513
5998
5971
1289
3219
9902
6869
4140
6077
6985
122
2660
3466
3548
9064
260
4566
2691
4744
8165
5175
9434
5620
5038
297
302
2998
4756
8250
4412
4671
7328
8244
976
1999
6920
8377
6352
8215
694
4319
6228
9751
9453
1954
3187
4038
7442
8519
7655
1841
2205
2648
3800
164
686
253
4505
5372
7859
8809
55
209
6884
73
5869
7974
6582
1899
5427
8334
2249
5297
2650
7649
732
3086
6558
6561
8574
5990
7127
7988
6574
2297
3019
9325
2067
5960
4534
4692
9131
6117
7105
5786
7454
5615
736
386
8286
7921
3095
8525
5277
7010
4255
8298
7285
3629
4862
9820
3397
7705
1305
5794
9643
9003
7852
1529
3905
498
9229
690
7825
8052
2553
1293
9486
6001
635
1662
3380
6619
3392
594
5060
4149
501
8893
2796
1833
4180
4830
5940
1135
2441
9763
7359
1461
2037
8637
1855
4944
6627
9715
1078
8937
3033
4740
4910
5384
6519
6623
5849
9859
7515
8156
9866
4362
7803
5438
7183
5844
9416
5775
9731
108
3913
5713
3077
8587
2052
7170
8597
3093
9422
9995
1926
2025
6820
9706
2034
1245
8900
4791
5015
8870
8143
8959
8640
7384
7694
3257
4568
2022
8792
9594
9056
5009
8849
5068
3127
3515
9663
1966
4785
882
6953
5241
2395
9987
2233
9872
1770
2628
6252
7757
2091
8586
6291
1394
2042
4604
5889
6036
722
1103
972
6710
421
4629
9441
8600
3787
1060
2858
4725
7475
5313
8105
8821
7365
1047
1765
7511
9174
9956
3896
5005
7329
9424
2032
5721
1761
5004
9308
397
5046
9537
344
8319
2995
6473
9497
420
5439
289
5868
6683
9135
437
2000
888
2826
3617
6761
1986
5129
5852
4525
1492
9487
3933
2751
3037
6265
7598
2009
2320
3176
8590
5186
5856
6615
8494
6776
6892
1832
4474
7560
8568
4964
8051
8526
6864
3368
3999
9552
295
6138
1500
3873
4138
3446
3936
6047
552
7844
3201
3656
5904
9662
2828
9708
9022
1167
183
5354
6817
449
2270
3089
3379
726
3887
7213
6421
6489
2107
4811
7343
1977
4307
2495
378
8818
59
112
7266
1711
8450
1465
7166
8491
1970
7563
6410
6607
7209
521
3190
7990
2831
455
7134
9852
2182
8021
9657
9831
1400
3221
2987
7386
4946
6330
6717
8815
6208
1409
3444
4894
3857
4847
7106
807
2105
5891
6388
8425
8963
9457
900
1913
990
1684
4941
5504
5386
4263
679
8336
9638
2471
1031
7250
8344
4820
2721
486
5737
8473
2041
2552
6055
4253
4926
9194
8621
1282
7840
6112
1319
5373
9964
3637
4667
5388
1356
759
6396
6382
2933
3852
5648
1427
4706
6943
9777
2840
2568
9057
2327
2917
355
3096
7965
3435
3846
1228
5006
9653
3555
3871
5456
982
3110
7255
462
1165
1395
2714
3815
9053
7625
1147
1784
2272
3840
1609
478
2484
8915
8172
8325
494
6209
5929
6659
6588
9095
9167
2427
1788
6705
5976
30
491
2534
533
357
9760
924
1451
6279
2175
1576
7518
2630
9548
1249
6913
195
8588
911
3266
6783
4570
9625
7947
5308
6453
2595
6655
4559
919
72
551
6720
5925
7379
7115
8179
281
1824
6590
8833
9271
6906
338
5073
947
4586
6074
6877
3799
1836
7113
2311
8464
523
4606
3384
9621
440
4112
1575
5363
2580
3488
6089
9433
954
3520
3843
3492
6177
9764
2324
4959
3798
3952
4789
5447
3915
2606
8641
3647
7935
8741
335
3150
5725
9097
6442
905
7257
133
6295
1239
3842
5149
9080
9636
7370
7907
8988
273
1806
2558
7742
7989
4969
225
2244
5264
9991
5276
3530
4593
9761
2333
1932
8954
2988
6736
3836
6469
7798
1912
8034
9899
1090
3665
2788
2938
6603
1131
4951
6073
9652
3294
3536
7236
7242
8321
1956
2536
3566
5943
1844
8575
5078
2282
6180
7905
1876
3489
9978
1178
3740
9179
1639
5884
1207
6703
9145
9986
4863
1794
696
6641
6935
9431
1403
558
2585
8611
9482
1628
7441
7697
2929
4458
2543
8044
8291
138
3333
7922
6611
9786
4325
7547
9051
2424
1026
4531
6795
3364
1922
4689
5706
8880
8333
5451
6646
2001
6923
448
4956
5612
548
3582
862
4361
1481
5572
5795
5873
8664
3285
8812
3124
1505
276
5917
9173
2537
1260
4603
4821
2727
255
3845
8114
6495
7456
8068
682
1734
1552
6811
3807
6702
4718
9087
3523
6278
6628
6828
8280
9007
284
1616
7458
150
4200
1581
2225
5840
6845
7771
4177
5563
6335
5857
549
2600
3159
5894
574
6523
9597
1660
1731
6007
6231
4492
8296
8718
8886
1237
6594
2981
6096
6812
809
3640
999
3114
755
2494
3306
1650
1064
1252
7913
5052
8825
9891
8369
2718
8475
3511
3424
5704
6390
196
3366
4679
7238
3182
1447
6531
7297
7777
793
4509
2989
2179
3861
6106
8012
5108
9455
9565
1661
8791
8935
541
3699
6587
915
9961
3236
8381
1106
5379
3439
3581
3641
9411
5776
6552
2092
8743
5726
7038
631
3826
8567
2596
6922
109
6090
3450
8261
8349
1058
1783
4410
5350
2366
4508
6108
2206
181
3378
4769
6522
2130
5458
9606
7355
4020
219
2391
8925
4203
2912
1508
9115
6064
7279
2635
5058
4055
9168
3022
8511
4860
6876
6972
8246
6048
3784
5324
4852
6234
751
4874
7342
8427
1625
3660
4986
446
6976
6661
2252
2496
5763
3425
369
8251
8403
7901
7562
3739
3105
9068
4475
6644
4851
6960
2359
9641
3547
7327
9637
4418
8116
9459
8541
1038
5927
7033
9041
3766
5390
9648
4006
3208
5945
7701
4523
542
4796
7102
604
8921
9358
2975
8118
399
1957
7610
544
1466
3240
4236
4735
5746
8175
8195
4637
3334
3147
3812
5371
9178
7674
5020
7651
342
1000
1889
3583
1220
4829
4471
6275
8964
1682
1533
8380
9979
5410
6398
7775
855
1179
1573
4562
5173
6934
4304
8310
7866
2228
3563
4050
7575
8634
9877
7952
9478
7550
4187
9139
5130
6154
1020
2218
4567
8942
4908
5422
7530
1164
1582
3473
2300
2531
7667
6491
1261
2685
1588
7
858
1700
2673
2795
739
2044
3249
6782
7497
886
6187
935
1130
2916
2996
4086
6638
3251
619
7401
5921
4884
3968
834
391
5337
6989
7465
9217
9836
6650
1997
3572
4656
3337
1122
7485
9587
6595
9225
3084
6387
8194
3063
6049
8668
6555
9270
7103
899
8852
1703
1887
6797
5152
1645
5127
4438
6696
1600
9538
6460
3504
6071
1194
3680
8594
4212
6819
2390
8372
3282
1550
1859
2460
3506
6129
6409
256
2658
2896
3067
2186
8439
2066
5771
6135
2371
6719
5895
4067
8783
8992
6045
1936
5181
7360
9772
4713
719
5470
6893
7009
9417
3164
5045
2006
3115
7964
5783
8952
4512
6039
5635
810
2128
1374
692
6316
4461
7695
9726
1152
5425
4489
2797
4161
165
8136
3611
9392
7292
3264
8962
5762
6427
2979
9266
9532
7177
801
8306
8603
8503
2335
1871
3876
7467
9951
8920
9132
3724
4094
7776
3099
9502
4409
5473
7760
4312
8689
8269
9272
6774
6500
7148
9992
4324
6127
3786
6392
9771
6810
7330
2845
3832
5341
7169
7423
9002
8995
8347
8382
5901
3396
6636
7811
3651
5791
4786
9315
519
6126
7341
8854
2993
3003
6300
287
814
3361
4442
5059
5609
5352
169
4222
3372
7324
9635
3206
8112
6257
8312
8482
1776
2169
8498
3069
7175
9292
4346
1379
2287
4599
8159
7163
2352
3655
3779
7542
3862
6674
4634
8768
9656
207
3659
7686
2562
3453
8362
9353
4825
7600
1292
1391
4243
2488
6359
1655
4695
6174
7223
94
7824
7470
3276
8970
1368
9306
5710
2962
2798
5023
5376
3471
7662
9567
4101
9526
1583
9136
859
1470
4893
2397
7336
1676
8934
5936
6507
4302
4481
3322
7081
7668
8110
9615
5452
9481
487
3283
3434
4157
3537
4573
5819
638
9374
8851
9925
2690
806
8602
9928
6013
4141
6114
6166
8431
2602
3671
1414
1873
1425
4569
8839
2323
910
4936
6885
3025
3121
3
6957
9384
3349
2393
7819
4159
2190
4164
4694
3727
2045
1223
7631
9339
6794
7076
301
6059
6313
2997
9794
1968
6891
3088
6936
8532
3628
3363
6742
5378
9692
2832
3137
8895
8097
917
1198
111
1246
8099
431
9129
503
6767
8096
1995
7376
1951
5655
4530
8556
8892
6814
8930
3947
6680
2235
4395
3015
9920
2617
6337
9865
6349
8501
3701
4485
3553
6273
304
6488
2809
4416
5988
8910
4033
8022
6068
7835
235
5465
496
7181
9958
3561
6271
6791
4834
6471
6868
8772
639
4673
3341
1464
9748
8048
661
1801
5467
9788
5256
4066
8929
4837
9351
1980
8045
137
4417
5922
7829
3554
5911
3414
2540
6777
929
2604
3590
6937
8421
6326
6256
2908
4916
9437
5947
8054
4389
4427
9801
670
7462
8455
4479
6850
8252
8288
8848
6533
1944
5499
5604
3869
3102
1018
7092
666
4669
1398
3631
7301
9311
7021
8086
6141
1338
1903
3259
7159
5242
6087
6250
5697
6604
6699
8359
8620
406
8685
9285
525
9119
7572
3253
459
3199
5240
8356
2199
8171
9999
1415
7526
9083
8008
7430
9598
818
3634
8066
2295
3430
33
2594
9349
321
6723
6267
380
2525
152
1016
9319
7830
8599
3601
7483
3667
1373
4700
865
8980
4547
6544
9599
613
1739
8926
9712
9936
5888
9466
2653
4873
6508
5414
7772
4040
2762
9005
1074
8006
332
3045
3878
6107
7011
7032
6513
7019
4333
4422
3773
8806
3143
29
2474
1585
7841
6078
9714
2047
9722
3803
6132
7408
8734
974
3123
8700
7000
4426
1084
4701
5973
9372
9717
9558
1019
4528
7264
4017
5835
7107
8058
5249
5784
6530
1369
1852
1257
6690
3350
9066
9900
1990
6079
1720
4401
7659
339
2273
4043
9861
6496
6656
4316
4845
6949
2634
6584
1947
3710
3796
2968
3247
4117
3413
2170
5787
4128
3789
4580
2109
9514
352
1439
3983
8140
7316
6176
3042
8265
5912
6386
2321
42
9798
1343
7605
7889
685
2003
5397
4166
5032
5287
4932
3158
129
5222
6155
5954
7419
3979
4487
2330
298
6567
7214
8174
3336
688
2215
4314
7585
9511
489
9356
84
7654
7536
8338
1751
5501
2173
1048
7228
8774
3666
5420
5671
7225
5628
6218
3733
7295
161
6618
8819
7558
8656
9651
47
7687
9333
933
7627
881
9375
3938
7638
3178
4835
9127
4984
5833
1617
5747
8284
2766
6896
2250
6954
9376
4771
3429
9212
9633
2357
4648
2978
3149
382
7492
5066
5360
6383
9336
3098
7047
9265
5969
1170
8098
800
155
8931
4818
8801
8887
8025
3935
4080
8635
402
1217
5274
9435
261
9011
7403
1437
3440
3007
306
630
4432
2646
1498
6272
7945
54
5487
9463
5980
9381
6543
9008
672
1790
2086
6944
1624
7195
8834
5007
4071
8434
2725
3866
8227
5295
7040
8266
6249
8990
9998
3516
5957
9086
241
9585
1285
3829
9780
244
5679
1778
1814
4337
6939
6032
6996
9363
8389
7878
3120
5600
6461
7057
7173
9484
1685
8130
2739
8327
9201
9461
895
5368
1950
56
8583
8845
6813
6971
9073
9875
1659
4768
204
9123
554
6327
9445
9525
113
3209
9317
5323
8160
3058
3464
5902
6056
368
5433
3681
5075
4934
973
8617
6160
9415
5735
7671
7590
654
8178
4947
6632
7289
3721
9369
135
984
3534
7519
2314
1689
2431
5057
9741
1124
5627
7808
4021
7028
9153
1591
2337
6832
3433
3371
9568
5179
5718
1744
4425
9617
7415
4583
6900
9737
9133
5753
7779
2027
4621
1974
2824
8282
6865
8426
752
2641
1126
8009
8729
9571
4088
2120
2957
8559
1671
2063
8651
528
4355
2969
3451
6833
6020
2620
9412
2566
5071
2647
4132
2743
7185
7685
1976
4536
8332
2154
8145
2216
8047
2096
5919
2994
3482
8480
9151
101
6956
6921
8435
2429
5756
2899
7008
5036
8605
5279
1039
5741
3941
921
7592
2048
2907
5018
5985
24
711
4057
2256
737
7062
9438
3044
6023
2124
9399
9477
7091
2901
6120
5298
8989
9117
9281
4270
6368
8907
372
3351
8090
3748
1378
1182
3600
975
9709
5087
5972
1162
5886
4466
6282
8149
8190
6993
251
8601
326
6478
7300
8569
3794
7425
6838
5751
8151
5228
243
5948
6260
3556
4345
879
3662
3214
8036
9035
3593
1359
3408
3055
8158
2942
8662
9815
5955
9303
856
9404
7653
4642
1244
4522
7140
3881
4156
2704
1775
8328
4113
38
4804
8144
2871
2695
9485
8084
2732
7338
7691
3674
4357
7261
7696
4711
6216
1051
5579
5703
1265
3886
7137
1673
769
2850
9248
4759
5668
7395
3238
6707
8717
4463
8608
4838
5281
6124
7900
8387
1870
4246
4855
2347
5596
866
1271
3245
3558
5492
949
1548
2557
5164
8447
7312
1756
4184
735
826
2716
4315
6987
7620
8147
8396
8210
8790
8820
8402
9253
2265
9700
8128
8196
6492
1021
8991
5140
7546
3278
5834
2288
7434
8073
632
2758
4950
6541
3918
4902
9687
2125
3693
7703
2920
7522
2505
8560
1831
5255
9894
3467
7455
34
1971
1308
3410
6245
9332
81
2280
9933
3514
4037
1273
2020
3108
7405
2608
2964
7576
8205
8544
1603
5524
5483
8889
966
4633
292
1875
1017
7248
270
744
2693
4106
1041
2069
2914
1804
6342
2953
7855
9962
4723
9088
1346
3061
3865
7224
7856
7063
1085
7417
139
674
9465
7896
1728
2232
4996
8329
8764
7843
2857
5717
6404
7306
4130
7664
9770
725
9792
4400
3620
8824
3382
7528
8695
6553
1863
3445
509
5269
8365
8686
9111
641
2593
6030
5403
1681
3605
6689
4998
2023
2655
2880
7048
959
3742
6771
9107
7992
3377
6401
6121
6633
1471
1547
6737
8371
2452
3519
6226
1389
7645
931
3924
8049
916
1035
1290
2060
3884
3057
3914
6379
3328
6437
7325
1432
1949
6881
9946
312
9049
3135
8002
4120
1882
3284
7126
5369
2950
5915
9828
3867
4455
4849
2800
3047
2902
7445
8808
9639
6362
2024
4541
8255
5728
9616
6728
1509
4146
1328
2268
1334
2814
8745
2192
6858
3217
168
7262
8676
8903
7270
8207
4068
4459
8979
5542
9970
7985
2677
348
3155
7960
2937
8081
6847
8456
6988
867
2669
1762
4363
1200
9043
307
7326
9084
7012
1225
4663
5167
1312
5400
3387
2081
2898
2945
5807
5094
4375
9993
6800
8817
5903
6158
9449
3894
6713
9890
7208
1061
8354
9034
8975
5321
5613
1822
9196
875
7666
8211
2889
8180
1007
3347
1337
2203
2674
9898
7095
9680
1108
7820
3490
6448
8571
5335
9807
384
4716
7648
3083
9579
2461
3308
7786
9149
8370
345
2696
3792
7636
9250
414
3805
3731
3702
6557
171
8302
5202
4891
4056
6880
8691
2624
9600
8584
4600
5950
5709
5064
7196
518
591
7821
8374
426
1141
1742
3136
4749
6537
7111
194
6727
4103
5119
8516
9785
9740
7957
9040
9843
5941
52
2682
346
6643
1330
1669
1904
2151
4892
8784
4628
7474
1127
8775
69
4218
8018
4075
4869
3263
1388
3326
390
1197
1929
3951
4031
4761
6156
7713
6857
3307
7759
8070
1306
8788
118
4119
2258
8209
2008
2108
9846
3868
5517
2619
210
416
2160
4242
5820
328
6225
8725
9026
2147
1404
9550
4431
3048
2597
9451
3353
7429
1878
2565
1279
8667
9419
6605
1536
1897
6414
3683
5592
7229
4738
3475
1942
9263
718
5913
8076
8386
5574
532
3279
8283
5120
9122
6235
3191
3385
4420
5513
6244
2261
5893
3016
5675
7670
9885
7934
890
2990
21
2174
6189
1419
6376
6824
8101
6821
9215
599
7413
9231
9354
1156
2825
7556
4226
615
3292
5440
7939
9134
1938
1958
8294
3684
3974
7815
5213
4232
5043
937
5019
6332
6673
8263
9800
7503
4501
6067
6459
3953
6094
1468
5428
9906
2334
90
546
2263
8514
2882
7227
2166
5736
6545
2483
2570
3790
4344
9224
6339
7801
6844
811
7025
7717
1309
5402
6775
5511
9645
1092
5138
8234
8523
789
5024
5899
3082
5150
5562
6062
1024
2915
4460
2852
7396
754
6970
2294
2421
6109
6240
4473
9183
4627
6572
813
6551
7480
957
1740
1894
9044
8198
4970
9981
2370
9099
9677
7323
7633
5799
3888
5768
7661
511
7310
1675
3325
7476
9747
8405
5293
6664
1839
7357
9245
1006
721
7210
6365
9581
2559
8343
6407
1174
7583
8646
1677
4104
5409
9797
1810
7791
8916
9509
4216
2231
8146
3125
1272
5490
4268
7243
3487
7707
8968
7235
6284
3919
7089
8940
3459
4464
6287
4801
1080
2080
500
6743
4733
7783
5235
5389
6524
293
985
2087
9413
3550
7864
4551
2676
278
4826
8716
4092
9199
7886
1555
6973
2368
2639
6938
7244
2868
8778
3260
3258
7999
121
2410
9475
5478
2445
2544
4440
3046
1189
7116
2059
6691
8777
3521
4664
6601
9204
8984
4940
2241
2245
3287
9147
1205
9401
7050
3889
2659
3376
78
9569
968
4848
1335
6779
7774
8972
9106
5047
8191
4446
6006
9623
8184
265
9462
9230
978
4169
6373
7951
4856
506
5785
6147
9464
4670
8746
2407
1809
1917
5415
7246
2649
8155
4674
9342
9564
5232
7034
5996
1098
366
275
5139
4001
7634
2683
3494
6852
8969
2771
8202
2312
2014
6766
9476
3958
9665
1664
4672
4565
8082
8827
8724
9988
6004
1263
7692
7364
9320
1418
2127
8773
1858
5540
2786
4469
6389
98
8643
3625
7162
9496
9584
1602
3172
6262
9450
3585
5535
936
4939
7398
5588
4532
4690
3950
7679
6002
3411
2046
1034
1375
9950
3298
5570
912
5740
6311
8050
8669
5103
7018
324
1687
9158
9778
9436
3725
1578
5641
3664
5014
7495
9545
2874
3761
9620
1325
3261
4082
763
1596
2309
4904
7799
746
1274
4256
9601
1402
4662
5966
6085
6255
430
1149
673
7272
1916
1077
7265
9990
5734
6116
7724
7766
2991
7704
8468
2053
3650
6122
2961
3955
8868
9676
5224
6672
9036
7577
2326
4311
8164
2168
3028
7079
419
843
2719
5865
3320
460
4305
914
1523
6367
649
4009
6825
1531
9063
7746
3533
8897
8714
9838
4732
9642
4025
8187
6361
9004
1521
7929
9327
5825
2939
1695
4027
8335
742
1190
435
5148
5683
9577
6769
9883
5617
7734
2884
5750
3764
6050
3204
6610
9563
4948
6827
7836
8224
765
4144
6799
229
5846
4613
1630
3393
6516
7540
5838
2697
4909
9941
3002
202
6568
8609
9018
2267
9282
5145
1410
4980
792
3305
2129
903
5375
6027
8756
1367
5999
8860
586
1828
8994
2706
3420
1139
6669
6199
1579
3032
5531
2822
5184
6433
9307
7702
6430
8521
7352
5557
5392
6962
9539
9242
1843
5455
676
2668
5568
8452
8000
218
7211
9403
8409
1025
1475
2485
6270
9280
2892
8983
285
2331
3586
4815
7404
9688
7891
7347
5858
5476
5986
6550
8267
3087
4622
3814
6871
7388
9628
4795
7851
4779
1342
5037
7318
3551
4429
8533
5200
6612
665
6402
9603
658
4332
9407
7382
3050
3795
4957
2013
9473
1750
2886
4985
3321
3036
1758
3304
7073
1985
4484
5443
1412
1320
9284
1463
7589
1746
2139
5560
8301
7087
7790
8077
1002
2703
10
8113
9359
1566
4927
9019
2854
6764
4158
9103
7750
1381
7348
1826
896
5841
3793
170
3990
3288
9733
322
838
2305
4399
4816
4828
8219
3021
3314
6200
8985
269
485
9626
4150
6070
7816
436
1128
3051
5278
4011
4719
1805
4514
7276
1693
7303
840
7730
4123
2389
5252
4574
4979
5030
634
2470
1480
8924
236
3917
4353
2522
2419
8056
8736
9759
3017
2458
825
1622
3614
5051
7565
7449
5698
6149
8177
7996
786
2839
3755
9335
4955
8787
9630
7160
7200
5394
286
334
5701
7083
8619
1530
1067
5477
6104
6688
9055
8042
2016
7731
2442
514
9249
7435
1946
3391
8606
3270
5426
5257
7491
445
481
8340
5161
8208
4660
6217
4114
2958
4588
8982
3111
4168
1636
1042
2860
3001
5231
1120
3723
4205
512
9586
8859
4248
5586
5979
6310
2398
7288
1724
2138
4661
6490
8616
8200
6741
4265
4445
2126
8739
7409
7114
248
4306
7545
8828
104
4179
1587
2934
6802
9072
2569
7980
4061
9164
9973
2054
6119
970
2636
6301
3830
7340
2740
8647
8170
653
5358
5754
9246
9182
1763
7716
2479
6012
6289
7525
1087
7247
1487
4136
5571
1235
2220
9506
561
4286
6196
4108
816
2587
559
7139
8069
8279
7639
9357
9604
9750
6322
9510
4990
3163
4443
7498
1696
7373
1623
3928
4727
9736
1627
3883
9908
1363
3597
4098
6000
1988
3460
6647
2974
3281
6464
7367
9102
2574
3844
9469
502
609
5616
2722
6315
7283
2217
5010
1413
2983
5000
7506
9504
9077
9825
6202
644
2237
584
5994
8661
8103
2609
7313
6907
3031
8074
3295
8078
131
8107
8141
8406
9017
1615
6576
7567
9226
2310
824
443
4457
5695
6128
1726
8046
9840
6241
6609
9608
995
1352
6424
9591
2637
7226
3436
4653
5205
6215
7378
5028
8626
9310
4188
5182
1303
5432
1513
5357
1446
3679
4118
7273
756
7439
2050
5521
5684
5984
4294
8095
3456
5804
2213
5351
9267
2611
9853
9527
1798
8259
9355
1840
5299
95
7993
5926
5300
6162
9911
4039
4289
1599
2701
3312
8228
7748
142
1136
294
7072
1869
3338
1029
2176
6201
9918
1311
356
2503
3449
6185
8513
2254
2775
5457
6848
7938
8397
8642
6288
8943
2428
6354
1118
6796
6930
2779
9689
8379
5031
8415
1614
6017
9819
805
6863
4905
8951
9624
1632
7838
3879
4991
9646
1091
1847
5332
5812
6157
530
1931
4062
4924
587
1517
6028
8561
3427
8223
4587
9293
9534
9686
2665
4897
4477
5125
3419
3528
5811
3005
3901
9143
6653
3476
6631
6329
3344
9930
3668
745
7616
27
3797
6403
8486
4198
5828
7869
1611
7013
3070
6487
3813
4064
3501
5128
863
5585
3595
4095
3531
5495
8043
3502
4819
7677
9495
4283
2473
5292
1350
3810
3816
1960
8399
242
1420
2033
623
6746
480
9379
2387
7617
9233
1502
6247
6818
8894
1193
4303
3573
8264
8708
4914
4962
206
8240
9896
9443
3980
9110
31
4833
1808
9361
7728
9929
908
4577
2667
395
4273
371
7968
3458
4051
2572
2502
7249
1014
5055
4370
7642
5070
880
3227
1835
1254
7619
9009
3280
9904
4868
5233
9237
9867
7006
592
770
3976
6687
3211
4439
5624
8080
1247
3910
2204
9681
6974
6212
9704
2284
5062
6626
7918
2554
6466
668
6283
8355
9572
5606
6905
2723
8771
2036
2227
5575
9813
9975
9252
953
2626
2946
120
2207
5479
7308
9841
904
3599
6514
6872
2833
2411
6022
9767
333
2076
2097
9391
4036
2363
7926
4181
9148
2539
2113
4836
8157
3624
4
2875
7785
7998
2437
3507
4465
3335
932
5691
60
1906
5673
2121
8388
8093
205
1383
6093
4372
5777
8715
8760
4486
4879
1654
9261
3909
5669
6181
4683
8552
7053
565
7885
9756
3357
3732
9277
1161
2785
1158
9163
7789
9334
1691
5097
3529
2373
1837
4543
7400
9421
575
3685
9448
1408
5906
9447
2877
8079
2984
3995
4041
6657
6470
5516
8610
3704
8254
2185
2778
3438
5254
5978
6692
5268
2420
2501
3106
6675
2530
3930
4182
4336
5832
6164
689
1339
2133
955
5054
560
4430
8126
424
645
6600
8299
6268
318
1232
9479
2684
4377
2571
4300
5334
5687
705
3181
1692
3038
3806
8404
8446
9781
212
627
7908
5206
9944
1
3216
5932
3421
4864
4899
884
3255
5417
5160
9059
3229
8429
2201
9847
2349
3478
6098
267
3223
4993
7278
871
2666
1850
3092
2498
3132
5949
1396
2062
3839
7037
8660
9329
4396
2299
6804
3060
1105
2818
5434
9576
383
401
7499
2285
6534
3635
5083
8134
6715
6995
1456
8088
4208
6065
8394
6277
2271
4278
4952
364
8636
9644
3169
4736
7741
9444
1349
2405
8733
5212
367
7570
8793
7122
5595
5968
8454
238
6060
6843
8395
8696
2211
7191
1908
3080
1457
7561
8993
1477
9892
5599
9912
3956
7362
3146
3447
5176
2904
9614
3174
144
2621
7402
1572
4019
444
2591
4724
6314
2862
4911
1715
3663
7594
163
980
9711
5147
5305
9547
4373
1009
4981
82
681
7781
179
1996
7391
465
349
9085
6450
2813
7871
4428
1961
4989
6037
6808
5934
7609
9109
3911
9654
5629
5338
3479
1981
117
5359
8896
2811
4585
4705
6455
6739
7108
18
7603
7794
8166
6281
432
200
3809
7035
7049
375
6377
6457
9932
1144
4741
1119
790
2156
8885
3394
6190
2507
7683
4597
2246
3763
5918
1928
8950
2223
9362
2625
3462
3194
3981
8492
1089
564
4760
5330
5589
6909
8798
4720
1234
6945
5714
7966
8204
1307
1923
7222
4199
9713
4649
5766
5309
9169
6188
5649
8563
3833
6304
7735
2153
7601
3014
7954
588
6204
4330
4546
5916
1626
3738
1838
7733
7333
3170
8465
6058
8684
2051
2615
9540
415
5382
6581
2106
9014
8861
8832
5236
2971
9505
9592
7128
8193
8573
1534
5076
5203
6527
4730
6380
7286
1157
6384
4452
6214
7117
6171
4748
8436
1345
9232
9879
279
6340
1558
5260
6539
222
1329
1512
6990
490
7754
3133
8591
4643
5862
5234
5938
3180
2720
1004
2315
8665
6566
5963
1449
1484
8309
488
5227
4493
2264
3309
9683
1747
7377
3008
3129
4029
6482
4134
9029
5829
3062
6309
9471
687
5946
9791
2893
4449
8331
703
5744
3741
4383
2303
4896
7230
1515
1718
1295
3847
6130
5282
7138
2707
5810
217
4223
9901
8941
5822
1153
902
3648
8262
9863
4239
7041
8019
3538
3649
3696
4210
6660
6839
2247
3712
1076
9832
1819
7622
9595
7574
5485
6412
6137
7320
4594
7684
5280
2702
9027
3457
4385
6227
6510
5700
4877
5195
5349
1075
9402
6173
8214
6336
8230
8987
7867
9535
343
3010
4750
9945
640
1055
1678
6666
2802
3912
9286
2763
1637
650
53
247
456
7334
6480
9678
1322
7280
128
3054
5593
9262
3802
9460
1733
7027
6867
141
5500
3252
3546
580
6866
9033
388
3943
3982
4715
91
5860
6307
1705
1924
6146
6856
5093
428
3760
5029
5146
1298
5169
1821
7317
1453
7607
5982
4890
9289
730
2318
5187
7418
4614
6969
5381
8592
9830
5876
5686
1286
5877
463
758
4195
4230
5318
4285
4368
7205
7275
8508
4598
9470
4518
2189
9290
3560
5993
3966
5561
7894
3486
377
6640
3443
8752
3998
6441
6585
7919
2816
7182
7269
8316
5017
940
8311
7237
2926
1495
5194
3747
6517
9649
2328
3986
4165
4858
6102
7858
2511
6978
4403
4678
3937
9177
7004
9809
9826
4792
5461
553
8011
4677
505
3900
9806
6654
9682
3416
7726
4923
5404
3399
9082
5050
438
7220
6474
913
1423
7190
7924
299
5931
2083
4681
1518
6297
2773
3627
998
7541
1430
4747
1807
2418
6011
571
698
2518
7488
9980
5708
4798
8747
5250
8737
4126
3343
6950
5644
1065
4470
8401
1866
2111
5699
2992
9020
4193
6439
9328
3822
5623
1856
5896
6919
1948
1238
1559
5802
2733
2863
7094
3694
1564
5632
9060
965
1668
7931
8956
2400
5217
7104
7762
5580
6569
1214
3715
4254
1584
8368
2478
6629
7463
1797
4763
1112
9960
529
7056
370
7712
9555
8873
4766
8203
8373
6894
5651
6830
3400
5646
1146
3944
7179
5423
23
5760
8958
4617
614
1934
4189
7595
9589
1989
3274
2925
4645
9089
6639
4089
3757
4497
822
5025
4480
8598
6577
3075
4888
3719
1401
9388
6423
7969
9025
7548
5223
4854
1690
5041
8869
799
568
4379
9472
447
1644
4609
5781
6712
6714
8502
4295
2171
4954
2340
6170
8709
4652
3750
5878
6670
1528
1706
2781
4717
7142
3242
1134
817
5171
3324
2708
7368
1665
7543
4605
579
1248
305
7804
8648
3311
6370
857
3934
930
6081
6317
2810
3592
7758
411
9207
6040
5209
4122
2343
7344
1444
3365
5603
4323
9613
7253
7440
7890
6518
7818
9562
3890
8837
7949
7743
4262
6651
8
7412
7837
2061
4352
3193
9
7755
3765
7381
7588
9757
9668
4919
8497
482
185
3339
3491
4105
9590
8378
1890
5377
9948
2162
8538
691
176
5165
9489
5421
1169
8936
4124
6757
2438
8292
8375
1278
4885
6578
7481
3417
3564
547
8704
780
4513
6559
7496
8168
8719
2737
6831
8782
1877
6526
8041
4782
2843
6806
1853
6535
8955
2462
8728
9849
1333
2116
4983
6357
6678
9954
5180
6816
3874
6051
8493
1730
4010
8257
5471
9187
885
9720
254
1781
3825
4889
3751
7152
4734
9209
3234
5875
2307
4207
9480
7682
9432
3782
8117
4632
1340
6443
5818
9749
3669
5515
628
9366
6334
4920
58
2384
4502
7853
4553
5226
9010
1070
9326
9938
9031
2058
365
8361
3315
680
854
2415
7551
2402
4878
8891
8946
9854
5237
6343
3024
6115
1867
4870
1568
2306
3154
8888
4907
3072
7571
4186
1701
4382
8543
9318
2274
8065
6870
7446
10000
655
2476
187
2290
2689
5272
6168
7204
7917
2355
3188
7862
4030
1138
1191
5573
9609
469
5100
40
1541
3166
883
5022
4058
7061
2239
1044
9512
433
4365
6873
8470
2909
1633
3148
2686
2163
1393
927
106
9824
8137
9728
527
1979
6807
3369
3736
576
7948
5508
6118
5742
5864
6665
2459
175
7768
5419
5534
1945
7751
2144
8253
2959
354
6095
4693
6350
7898
8932
8453
9370
1488
4054
6637
8750
3632
5567
7796
2514
7510
3518
7527
6580
9966
5991
4564
837
237
105
3703
4293
4618
1137
9001
1657
2533
6
1073
981
2710
2117
2651
5399
6882
3262
9752
4380
1186
8346
9180
3893
9647
134
404
2662
3717
7549
2202
6759
1910
7529
7970
4309
2423
6438
315
6968
65
7410
9931
3850
2734
1206
7681
3828
4275
320
1741
6798
329
8794
197
6372
5157
1510
3004
3116
7873
5547
7090
1406
5110
8053
9141
5049
7870
4685
400
950
8566
846
1258
8274
7070
6391
5907
323
4576
1503
2499
4496
4901
4831
3485
3570
5752
6501
9658
5095
9727
507
578
2632
8712
4220
831
2656
6425
6718
1538
3676
4367
5090
7611
8855
2015
2755
5431
5962
6509
1489
2447
772
3505
6662
7150
48
3925
5583
836
1236
3327
5239
2770
9076
9556
2486
3929
3770
6520
3922
5610
5780
6088
8490
9170
2774
3776
6276
6338
1881
5450
5631
8645
2098
848
1846
5053
8965
422
7665
4918
8245
3513
3653
7839
3895
997
6161
5564
3932
971
8275
7353
8631
5238
8607
828
2005
5155
3026
4155
776
3808
5861
9203
4269
4240
8420
2601
8004
6405
8780
3192
4549
876
8085
2332
7407
8448
231
2731
9758
1713
3401
515
3923
5333
3241
3527
5261
8242
3405
4697
4777
3735
9554
5121
6061
126
1620
918
148
5866
6860
9371
7231
1397
7629
7915
9092
451
4107
7339
7909
4504
7482
88
5021
8188
9963
2304
160
5275
7039
8272
3109
9765
1013
5956
6698
1975
3122
6536
1607
6163
6302
7074
7937
1911
1927
5552
6371
6476
7916
6855
8185
167
7029
5514
7534
8104
6762
8182
6172
7014
7233
1323
8927
5550
820
6614
4018
5117
7593
1054
2489
717
2765
977
6319
7299
1242
1601
1478
5034
2103
2493
7443
9176
5959
8481
6786
9193
4483
8466
5216
3687
6947
4371
2972
7180
2954
2457
2542
9406
5192
4366
4976
7263
6549
7729
6645
8655
570
362
3870
8353
9048
124
1294
1621
5288
1496
7119
4213
8627
4676
5870
1012
1716
2073
4351
5370
7509
7656
2417
5361
8967
723
724
1556
6178
9301
6597
3173
2583
8248
536
4347
5065
2513
9561
9530
2007
3157
3144
4887
9238
7420
2017
5843
6963
198
7700
1336
2038
2744
1694
8901
2986
5640
8308
8723
5405
50
2224
1005
5790
2456
6092
8010
4171
5084
8100
9612
7857
4421
4592
6034
5166
1737
2115
3301
4822
5897
7517
733
4387
3030
2789
1743
7172
6429
2443
9312
6740
9279
6186
6293
4850
5688
5798
2082
8256
3745
3340
3964
8976
2894
1569
1771
7578
6955
1283
7788
8129
9408
4320
5815
4616
1554
6292
819
4726
9695
2750
9518
3053
5928
9808
234
9000
9940
8683
7868
4277
1511
5329
5248
6356
3497
5880
9690
1710
5510
8905
4197
1699
3673
9839
9871
499
6586
4394
1299
2480
233
8540
9634
66
4450
4520
4045
3749
5085
7489
2906
9719
7098
7203
2430
9065
2072
5665
5393
1955
2726
4238
4251
7066
8912
