5031
5145
6677
5973
4317
6042
5402
989
5845
7858
5304
4336
8662
1527
7887
2309
9894
6616
1784
8311
2017
8018
7762
3940
7147
3082
4443
6203
9318
2816
7062
9662
2176
2226
4075
4165
1308
7090
2015
415
3277
1786
6402
7825
3772
7224
8370
7212
9367
1678
8965
9160
7239
439
1854
6854
9753
3653
4665
2342
9760
8185
2051
8064
5035
6983
3765
5264
7074
1915
2898
7472
312
5175
8180
4790
301
2741
8420
4695
5971
8781
5547
6304
1996
2597
3420
6363
8004
8202
279
6192
2459
8569
7513
4300
9903
6431
2406
5116
1398
5818
1836
2755
125
2837
4413
5698
1215
5584
9030
5771
5872
5150
5657
8170
9303
2435
8586
1950
2270
2328
2680
389
8363
7439
3430
4886
9644
6362
4841
8798
1430
1597
7890
9544
6053
6387
3310
5121
355
3818
3631
6039
7199
698
3227
2035
304
8230
8247
9085
3439
8648
9008
762
1724
4868
6640
6647
6993
1899
5300
1829
2419
4636
8336
9271
3618
7275
3050
1575
9201
9332
1294
9936
4206
9712
1145
3128
7903
9661
9776
3875
2959
3832
4235
9974
1081
879
2399
3464
5484
5888
6809
8941
842
6467
5299
982
4089
5104
7661
5449
7448
2994
6738
2126
3067
5095
9202
2928
5101
2541
8315
465
3795
4393
9875
7754
8704
7934
958
7262
4688
6720
2731
6160
6811
9946
1317
5906
2525
3102
962
9176
9222
9491
6562
7442
617
1392
7790
1171
1939
7567
4523
1537
2384
6525
9209
2631
6087
5962
6076
9647
8108
6560
2258
8204
5682
8215
6021
9258
154
3881
8038
334
8489
9656
1345
3079
7195
9375
539
5010
5065
7759
5369
5476
8385
8827
7798
1226
9403
1107
2465
6903
8138
3212
2103
7337
5383
3782
3211
1354
1795
6127
1154
5312
5423
3998
4154
4307
4789
6290
7552
1207
2169
6394
8870
609
4481
6915
4103
7109
608
8056
6
2318
8176
263
4715
6118
1617
3409
6921
6990
1845
3715
2754
9856
1303
4070
5933
378
5214
8800
9821
2576
8544
9376
4108
3532
8076
9950
1033
1625
5851
5652
8187
5296
4178
5416
9617
5628
7983
8072
843
1038
8287
2120
7116
9186
4250
6065
7234
7389
2563
7801
9474
5306
8082
2769
470
8149
423
3874
9309
3641
9128
813
7049
7010
2758
9411
7153
6487
9679
3555
3847
3162
6032
4181
8437
27
2708
4938
957
2600
8319
1058
5155
9654
3969
1010
4251
2735
1879
9836
6273
9729
5502
972
8947
4098
5640
2147
4459
2742
3419
7216
2104
4611
2672
909
8978
1753
564
4081
5050
1890
2919
3412
3501
6869
1446
3773
7420
8071
9055
9328
8880
149
526
4055
598
2542
8706
4027
8150
4248
4491
7227
4672
7422
5666
8985
2476
7767
8480
2269
4258
4631
756
1656
7388
1774
5081
5760
2371
1416
8869
6607
8499
2464
8373
496
7637
8676
5600
8868
2647
2945
8028
2539
2998
6219
7315
642
6060
6635
1091
5497
2895
8277
7350
4102
1965
8432
4544
3574
9702
1867
5332
9136
7455
368
3799
98
1236
4061
7745
1211
8256
3983
2958
7702
1114
5684
6675
9058
5613
6502
4313
6414
255
6743
299
4370
6490
3267
4970
4610
3976
1507
3547
5734
8900
3369
5195
7081
1526
5745
7878
4315
5650
260
7789
7627
7476
8751
4859
5808
7001
3177
9983
5100
3202
5233
5931
2929
92
1701
4787
3053
6265
5162
3036
9102
4811
1100
4158
560
4001
2921
715
1049
1679
3379
9178
2878
4011
6669
2726
730
1108
2517
5951
2556
3767
3744
4558
3107
5632
5834
9790
123
5208
7119
7281
117
6573
7729
9659
5537
6172
3127
9797
3329
4488
9283
2210
44
3334
316
7117
9943
4234
2341
9195
327
28
2791
4926
1214
3252
8404
259
687
1848
6483
4981
6382
8438
2689
5128
5139
4283
4285
3837
6650
2337
3374
4262
8780
4600
2155
7052
7678
7779
2571
4731
8017
3929
7413
8414
3224
6595
7516
1497
1390
935
7507
9664
1730
7929
1172
4063
6533
9917
7304
2683
4282
8014
3130
8545
5327
1278
1707
6536
6575
5335
3826
4034
7716
8349
8375
5588
870
9516
563
4368
2587
8580
9265
8861
8596
4035
7470
6356
2442
4919
8069
6486
4851
8362
550
744
5708
3903
652
4719
5086
6185
2326
8269
9900
6427
8123
2627
2300
1040
1697
5270
3656
6766
5785
5200
8133
8843
4389
6880
6255
7483
5249
8351
6913
1891
2512
4532
6309
3625
1157
8491
4127
6798
7298
1806
4914
4984
8091
918
4680
1935
8037
8515
9923
1029
4852
9086
3828
2293
9996
6243
1824
3486
9847
9926
4444
3851
5112
8736
2713
3678
5870
6848
181
6964
7606
2917
2957
5633
3455
7335
2191
7238
2693
8707
7642
7324
2345
8703
209
4567
8855
166
5696
7395
2244
3151
3074
6211
1649
3759
6889
7421
313
6038
7865
3687
1397
835
5051
2714
3897
4867
7994
7236
2554
2853
4857
5027
3499
8695
5173
9430
3482
6582
2521
5351
9650
3057
2081
1612
8271
587
4052
5791
332
6258
6561
3702
4583
63
4509
6613
7310
2578
281
1238
2687
847
3393
7610
493
3008
4553
1791
9935
337
8732
768
5498
7746
8368
9226
2595
5292
7943
9557
403
1692
3632
5948
869
2095
7496
156
1987
5099
3156
898
9799
716
2993
893
1097
9412
1528
3251
4831
214
2870
9053
2362
3572
1682
2800
8439
2317
4345
6846
258
5422
948
3350
8294
7188
1173
7123
2920
114
2053
8758
1127
3985
4974
7285
5840
5890
7200
2618
8386
5581
7352
8988
601
6715
7429
1222
6002
543
3870
2897
9667
1331
5825
9726
1373
4875
964
2659
662
2654
4362
9173
1056
2793
4409
5398
8566
9041
9170
9932
2243
8464
6138
7603
2166
4832
6176
9700
7367
7918
6037
3575
2885
7613
5513
5011
4826
6984
4388
9029
2356
7633
932
9433
5236
2620
4321
4888
5314
9352
9528
1650
8990
5800
7549
5594
789
2006
3726
5999
6183
4978
370
1587
8806
9762
1822
9540
966
2819
3280
3346
4343
9636
5177
8365
9705
4006
4412
8564
210
9297
557
5526
8107
3813
5005
1539
3377
4598
2630
2707
7098
3616
6592
7864
7974
2497
7148
7666
2307
9808
7962
5751
1887
7210
6916
7648
9104
78
1877
9393
6208
3606
4618
5899
5403
8330
7680
429
9431
4758
8440
4764
4348
1712
5501
505
783
5492
8547
8942
1991
8534
3042
7586
1684
4230
4242
9235
6405
4794
7446
8124
7463
2730
3600
8606
9676
1161
5814
7296
7515
9148
5388
5407
4820
5611
2874
4122
4210
7474
2938
3429
1479
1457
528
3284
6651
5629
5744
9198
8961
676
1013
7672
8816
1191
2336
2686
7570
739
6439
3668
8208
9081
497
5749
6614
7966
366
1325
6552
3264
1657
5549
9486
177
9323
1435
4088
5582
7266
5308
9632
927
6216
7260
5413
1839
8297
1578
4884
9319
775
4319
6828
2260
9290
2316
8334
1208
3605
5172
2964
678
1883
2294
3512
3542
8902
4971
5230
7838
3728
499
4227
64
9884
2209
1608
6320
4226
2804
8712
1971
5778
1418
5874
1889
8966
8884
9745
1024
1529
2205
5044
7686
2115
8650
9476
4091
4894
6225
75
636
1007
8963
1511
7831
2685
6152
8019
7724
3221
7774
2855
5767
5431
1410
2421
2611
5737
1143
4494
9901
9961
1750
5510
7752
3559
4580
9313
1063
8029
6529
8356
3730
4993
2985
3677
9310
6728
8312
1729
2278
5107
5706
5772
6713
6217
6481
5209
7618
3619
8016
6164
3945
3539
2894
5472
3663
121
6423
5742
6786
9542
648
1152
4428
5672
4399
7198
4793
5656
1923
4897
5733
5604
4182
8329
5242
9180
7795
8013
4204
4774
1244
2559
4456
792
719
8327
2696
2763
5488
690
1030
5229
6947
9842
9616
6942
6822
148
8383
19
6735
1101
2273
3093
2138
6831
9938
6802
2426
3071
3598
4007
928
4458
9340
4714
2178
7051
6455
8340
9804
3980
1219
640
3855
1142
3825
5154
1269
2490
7179
2615
7523
9853
3020
7727
5659
5716
8851
2935
6568
1758
7241
223
5520
26
1717
3489
7261
9179
5102
5387
9699
7973
3906
2434
6413
4479
8612
7550
4798
9232
7400
3958
5348
8675
7378
8996
3386
6758
1272
6132
3885
1693
484
3509
1681
5559
9505
5573
6670
3207
3371
9359
9402
3293
1372
6995
9885
1312
1969
1018
3311
8308
444
76
1644
2313
3131
4872
4475
7559
4218
5878
379
1085
5508
7327
7531
4899
2146
2267
2277
988
8487
9017
2077
9494
6027
376
5359
2684
2355
4461
6403
7082
401
6719
9137
3714
5565
7635
1454
1873
5405
216
3456
6090
2613
8504
2189
6968
3792
2196
3256
8581
5448
7639
4658
3981
9011
6209
9688
9777
1810
3365
5473
7097
2864
2358
4385
5946
1623
571
9637
2330
4720
7984
2003
8238
1111
1178
6276
7936
524
12
2873
3018
9733
3370
9605
9680
10
520
6281
3051
8975
457
7087
5256
5940
7582
3781
1892
2760
6445
7963
6330
5118
925
1616
8034
9526
4989
228
4908
5786
1796
1977
5475
5024
2493
8424
8549
6054
9115
1703
1103
5288
5342
8126
6838
3376
4202
9305
5956
1461
8372
5219
7220
9754
112
2829
5269
9957
1547
2504
5455
5626
4023
1408
4029
4474
1938
3963
5985
6689
381
6540
5646
5009
6936
853
1176
2843
3396
7005
9697
855
5298
6097
703
7373
9964
1990
8446
7433
5664
6070
186
907
2752
5784
2932
4685
5623
8873
9015
4323
9819
2642
360
4092
4350
1065
1084
8337
3276
7711
8000
2353
5860
4482
5303
7023
1549
2438
9028
3483
8218
8728
9920
6019
6117
6746
243
9704
751
4542
6759
6315
2391
5661
7946
435
2086
3381
5243
3556
9441
2058
4010
4141
9151
9462
7749
1003
5779
3833
7687
3119
1130
9493
8343
8469
6334
1225
4275
1104
2877
9095
621
9511
1135
8060
319
1004
445
3054
3026
7986
4781
6300
8807
320
4353
2192
6178
3845
7800
1704
5748
6189
3582
7436
8968
5763
9962
1090
6825
1349
569
1496
3533
5643
5992
3424
1188
3375
3587
2812
9406
1248
2286
4222
7168
8847
2943
611
1384
4066
2171
3111
5602
23
7180
9250
7466
8920
9326
7166
3669
2944
9388
1886
9240
7830
9816
8554
612
5993
6112
9069
5000
6135
6022
9947
6932
3580
3422
7751
5842
43
2156
814
9980
708
2526
7201
4200
6685
9054
3255
8971
4030
9113
772
5885
3490
5215
1748
1999
8151
4191
2394
2940
3880
5856
6761
8183
5307
2059
3716
7506
5998
1716
7876
2083
4299
5067
9208
4561
8783
513
4692
5905
1250
3858
5802
7374
6760
9814
9969
2638
6815
6908
350
7999
3136
1726
846
3397
561
8856
2882
5059
7423
5146
4269
7937
221
4687
2485
8300
9574
5730
7225
8918
9099
2251
7737
2951
6744
7299
8058
7029
8130
1885
4264
9670
6682
9958
8326
4961
5770
1428
3708
5042
5837
7061
1362
1374
2390
4748
1022
5425
8212
2025
4862
5783
3373
7451
1632
284
4678
5346
2740
11
5025
7206
1246
9350
626
8049
5511
9669
9427
3001
860
2020
6930
5105
137
9253
5718
5174
9694
6608
8473
5115
6365
6750
1254
1734
2798
4415
2784
4342
3084
3460
7038
9260
770
1478
2448
3639
4366
5168
6567
2431
2190
9120
7279
1136
1654
773
6323
6589
4495
9575
9633
1400
402
1559
9366
877
6133
481
5187
6173
7114
6024
4652
8358
9424
395
1501
1838
2474
432
6837
7976
1288
527
2598
3734
4199
2009
2359
3562
7514
5053
6082
4755
1094
7182
1087
1266
2780
3072
3643
8661
8713
1569
5114
5297
5372
6752
9251
3821
740
875
3573
8639
6787
8755
172
7196
5827
6700
9849
5017
146
7444
1905
4144
2592
4064
5515
2987
6886
1733
130
2650
2599
4837
3179
8198
3187
8597
105
1223
9925
7977
3551
6874
9417
9837
7118
2492
3667
7500
559
672
3647
4721
3257
4337
7048
7882
286
5046
311
5687
7055
4214
3261
4592
1551
7987
4480
9294
2585
6064
8328
1008
4472
5323
1133
8063
1557
9518
2065
2283
1340
8687
998
2057
2863
7190
8240
2068
4507
6958
494
6500
6957
405
4767
6569
182
6545
911
3081
3354
2601
3304
5367
8888
7274
7600
9833
7810
983
1413
7495
8546
9525
1106
1919
629
9886
6442
6892
3288
8313
8425
872
883
3920
5436
7408
8901
1782
2060
3029
2219
8493
2223
3999
4550
531
5381
9166
7169
2596
3884
1519
2841
7525
8601
7714
4691
965
4539
447
1927
3218
2221
4972
384
3306
7308
595
2433
2969
9311
9666
2813
9987
4659
5277
2850
8110
4569
6329
1629
1257
9880
3941
5536
32
2705
2661
2478
3950
1434
5830
7494
4706
5123
5471
3831
1439
6899
2134
2795
179
7197
3006
3497
6727
8647
97
5936
541
746
7690
7920
9978
3088
5819
2498
1042
7416
4530
9595
2781
2424
3434
5875
6058
5930
3014
9968
3771
8128
3206
3665
2581
4599
5291
1959
359
2188
2325
3830
7078
9217
2704
4135
9564
3778
2905
7325
7778
8379
4668
812
5977
6890
7368
4902
8357
1914
2149
9716
9206
5557
7908
3094
3955
5002
9513
871
3905
9004
6308
302
7033
7975
1316
2410
69
5724
4973
6803
9713
7650
3577
6386
7885
4005
7382
2029
3908
9824
4950
2151
2055
6014
1110
2796
9061
9371
1571
6384
4008
697
4076
7850
1884
2407
416
8574
236
7488
1241
3557
6842
6863
162
373
4903
2617
2425
93
6227
9141
8633
4198
2934
4534
5932
6188
8485
2127
8251
322
1217
4067
8033
4084
7046
353
4314
525
2612
6162
9257
2514
8415
7268
4734
9306
8220
3097
3697
5662
6862
4004
1944
5274
7484
5171
9945
4454
7209
3328
3784
822
1256
8494
9955
9016
2070
65
1292
2378
6248
9470
7575
3995
2211
7380
9902
633
5787
4664
8952
4907
7608
5980
4910
7387
3382
5723
5958
6493
3610
6544
8530
7991
9723
1459
1722
6023
8333
2360
6179
3787
2586
5192
6220
5169
6425
4339
5865
2983
4028
3416
6824
7573
2404
2682
1193
2239
2851
1043
7569
4123
7305
9787
1757
1306
4557
328
3768
3786
200
227
3176
2252
3208
4777
9071
9728
4847
9506
6646
1771
2042
6981
5319
3432
5060
841
5238
1572
4150
8145
1443
6257
6349
3510
1816
8770
51
8875
5293
5462
5491
4179
4800
6528
4682
7248
467
3073
2675
7415
8824
2119
7161
2001
5085
3686
9545
1
3682
5522
9732
3044
9243
2222
5663
341
295
854
7233
2007
2513
6910
4043
8189
2776
889
1485
6145
908
188
1305
679
8876
9473
3150
4874
4743
6007
347
1851
2418
3763
1263
6380
5952
4783
5624
6639
4194
896
9338
9941
5371
3658
498
1054
3059
8055
8828
2702
3083
6762
1868
2174
9500
2122
5898
763
1509
7208
3031
6280
9273
2220
5153
9177
931
254
81
4193
9238
9970
5712
7971
9881
1516
3994
7477
8501
6904
7409
8556
4105
5194
5939
512
4331
4662
4917
6441
4992
5072
566
5683
5918
8839
5593
1595
3889
4575
5084
7852
6830
6311
2395
5651
288
8462
7149
1967
2511
517
5838
7036
973
3478
421
1580
6655
9672
1415
2669
7859
9579
9194
3363
6468
6312
1841
3192
4280
3722
8526
9960
1450
2162
5199
9261
7812
5481
6242
7321
7688
3596
8161
1980
1180
6999
4068
4921
1129
3788
4585
1186
2161
7385
1224
5892
275
33
6512
3362
7178
5091
2918
4387
7804
176
7432
455
6229
8136
956
57
778
7534
8782
4383
5908
9139
3548
7099
9133
6159
2208
1818
343
6298
3650
7163
5894
3244
5534
4192
225
3448
4869
6108
2896
1602
4612
4651
4502
4552
3909
1763
4537
34
3853
5675
6296
9658
6340
671
8496
3049
3184
7157
7818
2152
6507
5720
6796
8146
3505
2524
1167
7902
1605
4186
9060
7438
2443
1035
5817
6909
7145
5607
8207
2549
4930
9914
7213
150
3473
1524
9827
4169
5287
8844
1453
6396
9065
4823
8084
7447
2698
4449
6696
521
1128
3912
433
1671
4306
7100
9188
9915
1661
7761
9343
2746
9843
2678
6566
8010
1909
1689
7140
8062
8445
8993
1011
8188
637
3806
7397
4402
5835
9766
2992
8714
5419
1631
1491
7232
8115
3213
6578
2363
3561
8125
769
7732
133
5170
8937
630
8925
9448
8223
7417
555
779
6488
9719
3197
7945
790
1370
7375
9660
1821
7089
8307
404
8630
4457
4639
1493
6314
9861
625
3751
1752
6611
2655
2049
2160
2451
3368
9395
4533
8525
5495
1710
2644
8582
1472
232
7809
1463
1739
6905
3756
1095
1170
9205
2347
4749
8265
9844
1356
4646
9768
7715
8418
303
2510
4683
6785
5082
3260
6295
5459
8389
9989
9698
1994
49
8640
3723
5204
1908
1731
5077
3180
4996
5507
5225
7242
8809
3703
4696
310
1001
3103
7469
472
6676
5055
6341
3873
7583
9457
8989
250
3854
6612
4298
7356
5970
9519
2567
7756
3418
9192
2335
4359
9769
6953
7860
2639
2236
8268
9678
9291
3685
5621
9615
9428
1576
2019
2606
1381
9499
2954
7576
7556
6261
6630
1411
8756
5273
5587
9612
9872
7933
1121
7922
7787
2457
2721
5188
1259
922
6354
1673
3458
8067
3967
1105
9529
5764
7471
5061
5610
1363
1948
483
9021
4309
6388
2183
3183
314
5576
2150
3877
7086
710
7619
9551
6395
8638
1563
4684
3297
6316
3599
8890
9372
3753
4209
6959
9798
9098
183
9013
3938
4433
5774
1970
5496
2950
3560
5493
132
6047
7371
8622
602
1334
2084
7638
9167
5673
8613
9425
2262
8455
8273
9576
3741
7533
7814
9778
5714
397
1522
5337
5412
8044
3748
4756
3248
9413
1080
3200
407
4808
7093
811
7403
9088
3591
5634
8716
3404
7237
4130
6555
4649
1401
5186
5728
8279
3624
3508
4164
9126
2215
3481
4597
6250
8142
2105
6805
2842
5329
17
3932
4018
6792
9623
943
5029
219
8571
374
1695
4929
6977
2700
7482
7127
1685
6985
2999
5942
6391
3514
8295
42
4768
6359
4939
8694
8863
9399
3052
7011
5464
7522
8476
6671
2093
3139
5599
9163
8442
2372
3640
4016
6147
9169
270
718
5796
1911
2311
7718
171
7457
9070
9105
5320
8979
4735
9657
9858
8229
6429
6360
1320
1466
2143
1542
6122
88
2930
1395
2365
3584
9380
5341
8552
2646
9850
2305
2901
9075
380
9436
4338
2461
6458
8231
2956
5272
3007
7742
6887
4526
9645
1314
4751
6982
3013
4935
5309
3160
8077
4983
9377
9288
6447
4047
6870
6938
5641
7735
5895
7641
1779
9912
3719
7979
2872
6163
3170
5069
6919
230
3445
6052
7917
8429
5494
3894
5461
7630
2575
6260
8094
9818
4694
3275
8805
1924
3389
9146
5040
2351
7587
1283
7898
2285
2557
5178
9324
758
2319
8872
5248
9129
4827
8642
473
3406
5615
699
7366
7664
1359
7659
959
1543
4693
5972
912
201
2801
5964
1437
9278
4948
4142
4566
9164
8715
6948
4616
8791
7676
8225
145
6923
3308
4256
5176
5803
1297
1943
2142
6125
7121
3401
5014
4374
1179
6664
8531
2728
3622
926
7115
103
8463
249
2182
2625
2822
3166
3188
6326
476
1715
3435
418
8778
6872
7512
8708
2121
4137
7138
8007
1159
7427
9416
3518
584
5365
3902
6918
6731
1961
4291
4117
6974
8768
7841
1736
6845
8434
735
1677
9810
4436
649
9611
5030
5525
4637
2991
9466
3563
5974
755
9867
5163
8008
18
1201
1907
7316
809
6716
2289
8087
2937
204
2831
8284
8698
9068
967
2344
4168
4013
391
8850
3727
292
3800
7720
9826
2455
4621
4271
1197
1386
5553
6230
8428
3769
5914
2368
4184
6279
6103
1930
5928
7781
6357
2233
6753
8030
8680
9966
1995
2881
579
8121
3537
1777
723
2771
3266
1020
7548
1688
3485
3116
8594
7628
1933
3524
9905
127
1665
2830
4440
2565
4293
3402
2520
9891
7392
5143
3947
7669
8909
8137
1900
7889
8509
3061
4382
6542
7431
5397
4017
3662
2667
1920
3300
2635
2915
3789
1299
1621
2825
5789
185
1262
1353
6666
9000
2887
6702
1124
9707
6339
8009
7883
9485
1327
2094
3313
1252
2778
3337
7574
5844
9786
5203
8946
128
2361
2634
2118
4347
5255
2955
2629
2573
4308
6579
8135
1062
3466
7435
8321
3546
6866
1421
6971
4464
4725
5253
9838
530
1541
1651
4944
2553
2914
568
3793
9755
7027
6807
9649
9709
9874
8502
9062
1442
4429
8877
1533
4752
7487
9446
888
4560
3003
1582
2173
3904
6778
8575
4724
294
3621
2232
1335
3427
8733
7251
9144
3215
3680
7137
77
5988
6093
5251
6790
4576
3965
5579
7326
9643
8907
169
3896
9204
1546
161
163
9527
3844
4384
8070
5220
7923
3022
3946
8074
91
9624
6749
7504
5193
7895
5688
665
2560
5753
9356
5161
9339
367
1059
2886
3294
5075
1878
9585
5676
8729
3931
4802
6891
7699
4297
960
8470
2168
3045
3743
2670
8537
4087
1147
4784
2561
5608
6583
8521
4397
6550
3866
3642
5799
9199
1676
9501
2184
7684
9785
2808
4082
4586
4803
8903
4134
6292
1364
4625
8788
673
2225
3736
750
8684
8241
1735
3226
3345
4026
4958
5979
9118
2416
7102
7031
2891
1747
4512
2447
1322
8011
7822
1652
3198
5907
5500
4707
9285
1869
6774
9275
1721
487
8203
2004
7826
683
1275
7880
4912
9200
6516
3433
3907
70
6972
1520
2108
6577
155
1141
2135
8599
6187
3628
9784
8131
157
6979
8456
1431
7782
5004
437
9330
689
3927
788
1764
9035
7951
2312
1489
2942
7276
53
5090
5111
2218
6843
3595
5828
9541
8304
2322
2774
7744
8621
265
1343
4785
7615
4232
6926
184
3425
9865
523
5281
6251
7461
3954
282
8672
3633
7068
1200
5822
4172
9300
7498
9401
9387
9394
8886
7517
1776
3076
3268
8794
9477
474
5467
1639
5637
6736
297
3871
413
7445
8697
2569
8172
3457
5126
3034
5740
9327
2732
6526
506
6707
2802
4946
5503
6228
8746
5222
6721
9740
2607
4009
8761
674
3570
8951
9171
1342
1251
3281
2471
489
79
7736
7555
8790
576
952
5006
5754
8113
1185
3298
9346
479
3392
3811
9534
111
535
9106
5197
8532
2666
9503
6581
9531
7060
7873
5855
9512
349
1687
6853
4588
830
3134
5190
7783
4702
1287
8053
4446
7969
3339
3038
7295
3000
3615
5882
1596
1728
1659
645
603
2090
5925
7288
7290
5853
3692
4801
6072
9119
8878
1998
4666
6267
1233
2899
3033
942
8178
241
9737
4171
947
6075
6813
5829
6780
5578
844
6914
8266
3024
1727
5246
2327
8615
7363
8299
8705
427
8895
3303
1436
7528
4545
9725
2579
4835
7353
829
7581
1260
4379
6215
2290
3974
6450
1131
3834
4024
6603
3997
1319
9608
8098
3966
6501
9047
4056
7211
74
1000
1249
178
4821
1300
8665
6788
1708
2247
2370
2527
5794
329
2045
4920
3919
4151
7341
1864
7322
8603
5517
540
8722
9040
1725
3817
4219
2100
5007
6247
6422
9802
8388
6543
9239
9522
572
6706
5424
5670
1754
4634
4132
8585
7273
509
1901
3165
3484
4822
7910
5538
9185
5443
6517
153
39
1067
9717
3962
2018
5879
2159
5350
298
5945
8955
2253
5824
8043
4511
4624
4288
1255
8350
9231
3601
1086
4893
2518
856
4700
4890
4943
5841
5862
6601
3164
5989
475
5644
6150
3173
5468
529
8396
8410
8819
2383
4246
7404
2805
4853
7819
4358
2114
7218
639
712
7120
1958
4059
9286
3915
1460
4292
5058
5701
7740
9064
3154
6588
791
1643
6624
3065
192
8548
2847
2988
1194
3725
2469
2132
5836
7621
834
2348
2866
2369
7177
326
5550
6505
426
7124
9559
1486
6294
89
5704
7158
924
9254
5937
6868
3699
3279
4865
765
2141
3636
9378
9878
5322
6456
2102
2900
3228
2744
2770
4097
6642
1379
1383
3593
5063
8117
9565
923
7706
9191
1239
3012
3216
655
2046
5558
7069
239
2016
9930
2936
5378
7978
4504
7292
4555
6221
6604
1545
242
5180
9020
2296
6353
2231
5552
919
9490
4759
9379
804
3862
4648
1175
7617
8848
1620
8169
693
1378
2089
8237
5109
1953
6003
6446
3219
6551
5140
331
8508
6299
6634
9123
1896
6297
6040
1367
9009
8818
3585
995
2339
5916
6028
1202
8458
1856
6383
9049
5560
430
7223
8832
8184
8270
5355
7709
4146
9627
5722
2414
4442
5529
1380
1874
6116
2304
9299
1508
606
4445
8897
7164
8810
5184
35
9196
6275
7056
7253
3341
6195
8766
9426
7881
3394
5466
7845
5331
6419
6782
6337
574
1015
581
9365
9135
1276
5408
1096
2532
8024
1205
1680
895
3487
8677
987
2927
1604
705
7173
9999
8651
1552
1006
2604
5349
7035
7871
3661
1592
5541
3324
5710
8568
7843
6098
7129
8243
5920
1047
7815
3174
7874
2499
4630
5893
2292
4949
8744
7509
8748
6332
8822
4378
8631
8608
9663
3475
5324
3340
8517
237
9927
1347
2101
6177
1720
8507
3590
5839
3204
5133
9956
9521
3558
5430
7449
8555
244
8930
7785
1746
2832
6322
9673
8889
1002
3654
659
6266
2909
9221
9811
7070
5318
8912
9703
1674
2299
86
5315
903
8777
80
1535
4107
2824
3754
6598
2249
4332
4753
5129
3860
9829
7842
4733
9715
9775
102
7697
9706
504
734
7530
7257
3738
1830
3527
4834
195
5452
2468
993
8577
2912
2375
2756
3867
6967
1012
7909
5884
8345
2439
3766
3993
3713
4718
7681
8274
1304
6742
5639
9143
6270
6558
5356
7916
2
2259
4044
7953
7307
7411
7967
9911
2718
8290
3684
7091
8002
9269
9606
4369
2593
2574
4100
8838
1826
261
9308
1324
3513
5961
5996
2109
3717
5660
8101
552
3041
9781
2112
1992
6068
820
3342
1709
4093
7246
7464
8339
2346
3372
5013
9134
9813
881
3836
6426
4982
4077
5482
544
6674
3876
8200
2602
9779
1690
3816
2170
7361
8674
9391
5792
6737
1285
2971
2415
7675
5739
7900
6712
8293
3528
4057
4465
6249
6494
7110
4573
5122
6378
3609
8725
656
7668
7191
5671
7958
1984
2408
5447
1840
7591
4247
1026
8234
1566
8795
706
5216
5132
6659
6873
3693
9125
5159
6839
9078
6933
7588
7489
3210
7230
754
2446
2880
9027
1150
9012
6237
7694
3849
4772
3783
21
737
3681
6901
118
2540
7906
9248
4377
4964
6663
8536
6535
837
1846
4327
8812
1761
3270
4813
2274
6182
7462
9207
5562
902
7544
2865
4766
6694
3838
4923
6034
8376
3349
4750
5735
7806
2256
6392
8917
9149
1913
4237
7370
695
4606
5544
6233
6580
8916
5087
8864
1376
9381
8802
2237
9846
5074
8829
9547
646
7807
9044
553
5478
7355
139
7665
5328
9100
9407
3146
5762
7547
8745
794
4911
2910
1926
3120
5963
3541
6223
9897
2997
9965
2444
6409
1881
2400
1464
897
4838
6008
3648
2428
7345
5987
7255
1929
2028
6449
5902
6619
9593
8451
1204
7833
9738
6690
5460
8837
3250
382
1339
1669
4703
9687
4510
5959
9483
8427
8840
4254
7259
8636
8866
85
4394
1098
4265
8939
2430
6462
5883
5282
4579
1835
7396
6859
722
7302
7214
7952
3403
6197
6435
9796
910
3649
4549
1860
8945
6768
5376
6056
4538
2167
5811
8787
7492
8129
5941
4301
7479
9931
1660
8139
1855
2043
3471
5761
900
5790
7540
9639
3309
3491
6238
2272
5432
6149
9351
7269
8624
7317
7879
613
6885
951
1182
2420
45
7849
5066
5693
2582
7955
8673
1073
1574
5868
5404
68
5252
5504
2725
6017
191
1603
1181
2061
1560
3109
8562
4255
9210
8928
4243
1113
3359
1057
1409
8922
3361
1112
508
904
4614
6644
6998
229
2158
2301
4058
1609
2751
6346
449
3724
6244
1115
3796
6812
9443
9959
8193
1880
8717
3123
7066
8341
6389
8959
3761
7662
6945
7458
2868
1922
2460
8936
5336
3158
8503
5709
3447
4795
6321
1852
4398
5414
502
567
394
1477
8835
9033
3241
3923
8195
3764
8598
4042
8222
3918
8332
2429
9090
3163
5089
3089
4163
8461
3982
6906
7985
5877
6817
4239
4411
6459
3808
8511
7386
7757
1330
2298
7142
7034
9215
143
2212
3417
2085
7265
994
5919
6980
9630
1160
9783
9264
8057
8883
1076
6698
6124
1740
8629
4324
6978
9076
2768
8039
9859
5725
8173
686
3972
5815
3660
4325
5385
3011
9995
757
267
2038
1772
277
4761
5446
9795
1177
5399
9074
3265
3021
2892
4147
8771
9751
1500
3645
6200
3316
1861
5966
7614
4434
4391
4722
6538
3704
4259
3671
2809
5900
2030
3925
6678
1274
3926
2076
1066
5286
7402
2106
5823
9244
6570
7018
4770
7527
4732
3973
5258
3807
6004
5543
6662
7263
4114
4620
5211
2172
1554
5127
8235
8318
4848
8381
4450
4605
1253
6946
488
1635
9841
246
6534
9869
974
4051
688
4201
2546
3319
8628
3307
1060
7334
1928
4418
4419
1550
3243
3492
364
1258
8607
2857
100
8957
945
2257
1286
9563
4653
6254
116
6274
3115
7892
9155
3438
1858
9933
1462
827
4642
1016
1975
4416
7837
985
9549
8691
3182
7710
5542
9052
2320
3740
4065
5943
6196
3659
4810
8025
2452
4650
1946
3222
8216
9357
2271
5092
4541
1052
1348
7647
5990
2694
7671
9524
2230
6301
4019
346
7434
3805
5686
884
4931
8475
721
1811
5685
5198
1132
5897
6594
6907
1561
8466
9848
29
7338
5915
2111
1932
5033
5812
7428
5103
7577
6606
1213
2773
4274
6950
8449
1506
3290
4698
4742
7998
52
929
3583
9454
1387
459
9026
9018
7328
861
2315
4705
8119
4840
8699
208
1247
4466
4608
5041
5782
5658
233
4320
8711
235
4741
8702
7698
7344
2185
4176
6099
291
8258
9284
6156
7490
4074
6523
6840
9383
6086
8834
8970
6482
647
2572
9916
4667
619
8422
82
4962
4463
8852
6115
8474
9007
6444
9263
330
5982
1069
9437
2409
5374
701
1164
2302
4489
5880
412
6463
2238
8592
3129
1438
4180
4329
6661
2153
1865
9066
1893
9934
2757
8171
3469
5752
7067
8026
2128
4119
7465
8720
9266
4351
4072
7875
4
9820
9898
4521
8085
4296
7872
3028
2961
5539
7228
6206
3366
6751
9337
6741
5078
4448
8093
9236
2387
8845
9711
1801
6693
6695
961
400
8738
358
5284
7571
9472
2229
5505
9792
7240
9764
2411
657
692
4635
848
4572
3348
7692
2180
8012
2467
8246
4414
6385
6585
5775
2926
8168
1544
3566
6636
713
7651
7797
3525
6775
8441
147
1586
7475
3602
7722
8323
1785
1755
6767
5183
9447
2482
8498
3843
1638
9116
6428
8604
6856
7888
9860
396
3037
1036
1368
4815
5955
7340
7719
59
6591
7935
5313
7968
6857
9839
976
1564
7601
9701
5967
8059
5045
352
6902
3536
9677
1672
866
2495
6510
22
1505
5926
1134
6302
6369
8814
3440
4126
4918
6352
2749
7365
7652
1046
197
9190
5201
826
9342
913
4476
5866
5512
1633
4143
1483
7653
916
4728
4626
6259
8398
9038
4357
9282
9532
369
9025
2568
6539
7354
2505
4638
8147
9459
583
5813
3732
2941
7467
1773
3538
3864
6073
189
1490
8696
6820
8201
1844
9803
215
3814
6605
1719
4492
3474
8688
1513
8513
8641
2072
4828
7493
1590
3112
6732
7006
4713
6723
4405
1034
670
3178
8073
7187
8560
8325
8348
9812
684
2558
363
8127
4287
5689
9598
5777
124
6030
1691
3815
1790
1906
1585
5441
992
4547
5909
4162
4641
7107
6799
3752
3901
7792
1403
3701
7784
2544
3110
9727
2591
5289
616
9994
1156
5631
2973
4738
5189
8361
9870
8366
1281
6537
8233
6370
9571
5614
3301
6411
6645
7750
9281
4468
532
3152
3564
7343
2619
1882
9181
9456
1074
7441
9610
7207
4818
2858
8541
4858
8683
9014
7649
849
6754
5913
2848
5711
6120
9415
5991
9382
9317
3554
6226
7073
2472
8338
8320
4352
1798
4153
9334
4603
7106
614
3942
5389
7143
1360
9050
48
6708
252
4591
8563
9537
7658
7728
8865
9214
424
9718
1183
500
2580
4053
8779
3790
9806
5316
5485
6377
8353
6018
803
253
9046
9152
9895
7016
6044
1243
5202
1045
7707
1593
7542
4877
462
7913
8490
6725
8652
357
858
3568
8205
4844
9906
514
9609
3603
5801
4528
6453
2722
585
5217
6524
4850
2479
2623
113
6943
7616
2039
9552
4322
885
7546
8799
980
653
9349
3922
1268
7480
548
1350
901
6171
1768
5003
2724
115
5207
7339
590
4424
9589
3791
5681
3407
6477
385
9087
3520
4994
6081
2719
8190
8411
6997
1573
1318
562
631
1267
4670
5158
6373
9460
5149
8590
795
458
3511
3878
3199
3117
3338
8036
2275
6515
3571
7150
3495
4782
1974
9112
2040
9130
9951
3092
4736
5267
6557
6499
2254
5392
8664
8579
2948
9230
3944
5876
6920
4861
1396
937
1751
9520
1420
4942
5912
1138
3913
9580
6077
9724
8813
7956
1277
2323
7897
2603
8785
2775
3214
3523
7222
8710
6896
305
7537
8976
4036
5377
9247
464
8860
8954
72
6184
7954
9321
4249
8214
3498
4152
3114
3454
2538
3780
5887
6161
6849
6883
3157
6045
9909
6791
9741
711
3493
6559
1615
2075
8929
8403
3168
1289
666
6262
3078
3651
6699
8031
7624
3318
4431
7557
6085
8431
8245
2454
5470
6128
6089
5330
2814
955
1242
9084
2491
8784
3104
1488
8709
1426
8157
9918
456
2413
4166
589
6992
934
9103
1412
8836
7989
107
3175
738
4604
2113
3229
2720
6240
7162
9553
546
4716
7283
1667
8272
4501
8159
8994
6399
5983
7855
2875
3612
4129
1640
1979
4860
5130
9145
600
1876
635
3399
8252
9866
2124
7331
1803
3604
4615
1355
6673
7646
1375
6628
5489
8858
4257
4723
9031
46
9756
7132
1328
8253
5726
9001
9101
2649
7003
2947
5700
1427
8163
6041
7440
7553
2975
7094
9445
5566
745
1393
3335
5438
6448
440
9620
3017
5620
3886
5368
6871
784
863
6576
9986
3295
5237
5110
5347
2736
3899
7088
8854
6430
1698
2663
4617
9110
5514
7333
5148
6151
4519
8543
3148
4889
2622
7468
2091
4628
9642
5586
5781
8506
9514
8378
5134
7629
2624
2484
8054
4241
8377
9815
2255
9322
1972
3095
8096
4083
6440
4425
6104
1775
2931
5826
6333
7796
2276
213
392
1075
5396
7306
8999
1834
3411
1336
3443
5555
6966
999
2833
9992
9161
1245
3126
3273
7505
1079
1567
3951
4375
7741
9131
8681
273
5427
3320
5732
6769
1553
3691
3840
3893
8407
3330
1344
4373
4746
9879
4951
8634
6963
501
6546
7084
9854
8
422
6303
1220
1723
6415
7723
5125
6113
7924
8298
4933
3535
8944
6563
7813
8210
3321
4223
5605
4156
8646
6432
6532
7593
9573
1912
9834
2379
438
9368
6518
6965
8881
1068
2697
6504
8099
8578
1888
833
5156
5440
5444
4086
7501
6169
8759
6548
2470
122
7622
6587
6245
1273
4559
2703
3964
1146
3246
6726
6747
7289
2377
1371
549
3850
4574
5057
6148
8718
1778
2614
4217
9548
1521
7599
4002
4177
1456
9398
3441
2867
3812
4977
6106
7511
5846
8262
7095
5873
2888
269
6826
3989
9117
9363
1749
2340
5677
4817
1833
7592
767
9212
2789
5119
4015
4381
5798
4493
7964
441
5994
5690
4109
2583
4849
749
6368
3709
7730
4647
3664
7473
126
714
7072
1599
1804
5001
6374
6898
3921
1053
3477
5927
94
5638
1921
8958
8003
8977
3069
7398
8158
9535
9241
461
9183
6929
8815
9094
4054
682
7869
1196
2198
8801
6691
2393
9600
6347
5535
1827
9293
393
6701
3278
9940
1871
5275
3634
6956
1122
2699
7765
4045
6469
2079
2197
268
2405
9979
6454
9262
9789
7050
490
8395
1525
3410
6711
3698
6656
4289
7821
2022
3312
9948
4980
8659
4276
8382
9602
8421
6035
9780
6895
8986
2047
4975
7695
8020
9488
9504
776
2097
2734
5213
6609
1444
1610
6061
1648
8893
160
7894
7376
984
6029
2157
2792
7541
1358
8760
6565
8045
9302
946
3530
3953
4999
5647
285
4041
6417
8452
4937
4613
1957
5580
7112
9877
3861
5276
3565
7336
8655
878
1019
2246
9648
36
4690
7418
4952
8232
9584
1144
1769
9242
2052
1645
2777
5820
7020
3347
5232
4527
9468
691
2092
3186
5321
6724
8402
632
4020
3171
6795
2676
6214
3449
3025
1385
1391
1898
9386
5212
1558
9603
4601
9583
4797
4469
8419
4754
4311
9390
4365
8769
348
859
4155
6476
3988
8730
3388
9683
8047
515
6823
9599
3952
8278
8443
7332
2117
6324
7075
9108
3145
7811
5532
880
9646
1480
3302
6492
2186
5393
5757
6763
8773
4312
4531
978
3644
3891
3517
6168
9752
4619
7131
9539
1198
8576
2790
6043
7848
1514
3147
2674
8155
591
2523
5250
7170
1027
899
4990
2281
7256
5479
1210
5645
7104
2349
5705
9919
2889
8236
6513
3191
4679
8254
9464
6069
3035
1794
8853
3819
9533
8186
3943
9072
624
5554
9479
9896
4104
4404
6478
7931
7414
801
4876
5545
2441
8523
9888
887
2766
6213
8524
2712
8984
3879
4228
7130
1117
1646
4037
6804
1484
6305
6927
3545
5938
3637
7640
2228
345
7609
6317
7605
2879
5968
906
2264
7369
3700
6393
6939
8882
7739
466
5679
7159
2041
2373
3465
5379
6599
7817
4712
7293
274
3314
262
5239
2477
339
2034
16
1209
7861
8616
3285
9594
9817
7932
1655
3239
4266
8181
6001
8219
1523
8408
9613
8898
5247
3507
6336
9770
2656
3531
8923
9590
5023
9690
1071
3480
7379
8052
2137
9735
434
4244
2242
2071
8753
14
5152
8352
129
1337
3332
3588
867
4371
2366
7231
8448
5487
5079
4196
6079
7997
2063
4190
9197
4224
997
1190
1534
1584
3096
685
4364
6935
3205
1148
7204
8492
2788
7485
7776
1301
164
3992
3274
4039
547
4535
3540
8570
4773
8164
6556
7175
8102
4863
220
9218
8495
5699
196
7853
6351
1458
3380
3504
3883
3201
9073
2677
6667
4438
1119
7832
651
8122
9977
2628
222
2056
7323
1837
2175
2027
4245
5032
9597
9032
1831
9475
3323
6119
7631
9530
2765
5386
9845
3626
8484
5181
3852
1630
6181
1594
5390
8364
344
7572
8553
4499
6204
9566
3235
6231
9577
7805
9140
1636
4627
5056
2129
4814
7221
868
3010
7393
8405
8412
7927
797
5165
6633
761
4518
8324
9211
6514
8823
5935
6328
84
7597
1812
2785
3935
7846
2737
5509
7022
4936
6130
6801
7938
9341
3249
4775
582
9138
6269
615
7054
2488
5864
3016
1641
7381
7862
4609
5518
4225
7836
9150
9562
7167
7539
771
3739
6180
4689
7747
9546
2350
7758
8088
1216
8516
8540
9353
4747
7342
9259
1949
1988
8267
8468
451
6765
7351
6867
6878
8933
1240
2787
4505
573
9157
71
1940
1518
6615
9373
1166
3153
1985
9515
2806
3100
694
9631
7244
9384
2125
4330
7425
9634
9315
1760
1515
7663
8618
6876
6931
6088
8066
9825
1548
9592
8617
3797
1441
5223
8160
190
1048
1618
4231
4437
4049
9890
622
3578
5960
5731
333
1738
8244
577
1894
5167
8735
168
4562
6954
7383
7291
7320
6307
2265
9635
4829
7394
2653
3990
8306
2807
2423
6451
6232
8078
8871
4498
4069
5592
507
1449
2605
580
5373
2367
7634
816
9653
5719
7452
2082
8620
1425
3827
9006
7580
4073
4892
644
6348
4913
9570
2717
4779
5746
596
9904
5976
3543
7972
4796
119
2144
5881
760
593
2710
9184
9993
4473
206
8721
9492
9747
7674
8921
6100
2432
4515
6272
8905
4805
9408
2995
5727
2324
1448
1282
9159
2860
3077
4632
9465
1647
8867
6146
7186
9990
3245
6734
7301
3550
1624
7777
2389
1109
2664
5463
8255
6917
905
2733
6190
7717
8450
2332
4273
6174
4427
2445
240
1789
6527
8527
7312
1407
3263
5043
5028
4031
8005
9229
8701
8934
9793
5012
7982
9763
6617
7077
4730
4901
6881
2876
799
2529
2645
7486
6554
3930
1311
7896
6271
7590
2507
5380
6473
7015
7625
8228
2966
6083
8565
361
4932
3155
7679
8097
4022
9122
9320
9022
8430
818
6460
7773
2665
256
4354
8992
101
6367
2329
3863
7108
650
3749
1951
4349
8789
5957
144
8727
5863
8518
323
1279
9823
9364
9651
2978
6684
2087
1187
4071
4403
9325
1492
2838
6277
6952
4792
3760
6289
7670
8908
3733
894
4302
7412
1039
3770
6668
106
4113
5420
2314
9863
9550
245
681
4281
7419
3043
3451
6621
4745
2933
1954
8731
3356
7802
518
628
1532
2869
5068
5589
7247
4760
6390
7856
3775
4708
6832
9750
3911
4203
7868
5969
9621
2968
7053
4985
2179
3237
7065
1859
5474
7632
3138
2136
9182
2201
793
953
6202
7636
7562
5015
5758
4839
6201
7406
9434
9438
5185
4090
5889
8538
661
6136
9043
6479
8605
3467
448
3970
2026
4215
8589
1021
1696
3914
3080
3519
7499
1093
5954
8693
1853
4085
8317
3629
4207
4956
7578
7021
3468
224
890
3627
7277
3225
90
3060
30
5533
7481
7904
6078
8602
7788
3987
9835
7171
4546
1762
4021
9439
5426
5697
7502
4486
2202
2515
8894
482
2331
7561
5435
7319
4372
3118
7193
8719
3623
4048
8144
668
4101
1284
766
6973
5486
5598
7185
1627
5857
3617
604
8191
5417
6893
9225
1055
2976
6191
9059
3718
1228
6355
7602
7835
3506
5357
2241
3607
2486
9132
2417
7358
3066
3910
8347
5142
876
1399
6497
7347
8654
6949
8006
5008
4460
6372
8022
8393
9358
9675
1174
1866
3190
3232
4116
8885
266
6306
7136
3189
3070
8032
6637
6819
1388
5736
5891
9362
743
3085
9124
728
6210
599
2333
4997
7080
9442
9922
4915
4976
6941
7318
4870
7300
2594
4776
3075
6036
4252
1290
6252
5477
6438
6704
838
1346
1787
2610
2427
3291
5911
7585
2960
4290
9581
7313
2695
8588
251
4887
6144
9409
6404
780
1326
1947
3696
8103
4277
7660
3690
7314
805
5480
4159
4622
1422
6681
6928
1903
2690
9082
1433
4346
6508
6860
1842
2012
2164
3936
6253
4909
9233
1745
4096
5922
7566
4807
1591
1934
5076
8065
3579
8927
8972
6325
2588
6239
9429
3750
9857
3463
6714
9517
4033
7134
8360
3779
4221
9331
2483
3444
8842
4112
8775
4305
3613
8259
2552
3694
5262
7024
8668
4140
8217
2064
2508
6692
6495
4386
3344
9344
278
2284
2745
2828
8619
2827
7183
8932
9114
1872
1487
7912
1329
3009
3133
5062
6994
7219
1936
6475
9596
7733
1237
5546
3802
9708
2021
3569
6141
6436
3271
4663
2163
5458
7101
9400
9432
1622
6291
707
1083
5575
5648
2753
2534
5354
8046
3230
5995
3087
5548
2996
5635
821
5755
8591
3868
2194
6199
56
5618
810
1298
5947
5409
110
536
2306
3282
5434
5617
7551
257
1206
2374
2412
5442
6381
9887
4571
8557
3450
2509
9693
1406
5583
8949
8213
170
8394
3137
9913
9782
4786
7047
13
5776
764
2130
5450
6672
7970
8792
627
6626
4916
362
2537
6397
6610
2033
9347
4878
8140
271
1389
4078
5821
6683
8331
6770
8111
8973
5210
2939
7538
2750
9213
4928
7012
8645
9389
1711
3125
2826
4643
8899
1897
4871
8197
7705
9809
2550
7772
5362
1149
3289
8623
6327
9370
8879
1797
6680
5147
7988
6009
1530
3259
5867
1973
3646
5590
1917
4160
7980
5654
4891
3149
3352
3296
1538
5340
1800
9554
5268
807
8981
565
9316
4955
5563
4014
8572
8587
8679
6894
7949
1713
2074
2662
8302
4654
6049
2564
1333
5310
8001
5290
1902
9949
6096
6342
6835
9048
4294
1666
7045
9354
3839
6376
5221
4727
6772
3305
9440
2925
2088
1471
3446
287
2397
6794
8841
2195
8384
8938
9742
1495
4145
8542
9174
1341
1968
6059
7780
4477
4965
5094
5805
6784
8433
4825
1875
3986
8257
717
231
3586
4260
3258
2506
2986
8723
9988
468
3262
3960
7037
8671
2206
4344
8904
8167
8322
7459
7111
4655
306
4422
4220
8192
2723
3325
1481
5088
2449
2555
8286
1955
796
2193
2834
4000
3809
6331
38
828
938
8983
2110
3712
8152
6875
9168
660
5358
7992
8956
9689
7911
4175
4189
4208
4819
7503
2227
8817
9971
4520
3142
7172
1981
3327
1203
3387
6629
5429
1419
5707
3968
3869
4791
7226
654
2967
1589
5603
7620
1945
5854
9497
40
9543
8919
963
2098
3140
5630
1570
1540
6025
3343
4704
8114
5627
5924
8808
135
1189
6703
3351
5364
6006
6969
1925
9451
8804
2632
2979
5108
4548
2280
8595
1960
4522
2263
2764
7760
7280
7775
7560
469
8309
1613
3287
8371
4744
6829
5016
5750
9307
4927
6522
9507
5241
3
5741
5773
6641
7271
618
726
6865
6911
1732
1807
5305
9954
6489
8281
5034
7568
3143
9495
6186
1307
4960
6344
6597
781
915
296
3841
5421
3355
9852
3217
9083
3503
6218
95
7278
9096
522
6074
428
6234
537
3283
8826
777
6335
5788
3745
4188
5506
9567
1041
2759
4430
9274
9484
8653
1123
2904
5499
5054
9721
1918
4846
4954
6222
4441
6313
658
1675
6717
2154
5665
485
4633
5577
3336
5807
741
6779
5019
8346
6506
6114
8075
5597
4584
5338
9582
4263
4268
5667
5765
9652
3887
4699
4304
6777
1465
5283
6198
7141
4602
5622
5668
9864
8924
3015
7189
3842
7405
2799
2916
9937
5339
5519
5395
2487
4780
9773
9749
8891
3916
9005
664
2107
865
5206
970
5439
2240
8757
5113
6816
7076
9625
4842
5678
5965
6937
8148
1162
5831
9147
9314
6718
7267
8182
6166
7229
3655
5949
7595
634
8296
3731
7712
8221
6705
1295
4644
3421
3426
3672
7799
6877
5415
5833
1120
2984
9984
9298
2295
6142
324
5093
8995
6709
335
5655
2023
3169
6046
8226
2621
5227
7965
8747
388
3917
1352
1601
399
6012
1976
7786
1199
7272
7870
2810
4969
8289
3721
4485
4380
8380
1014
2388
4094
2078
6864
6584
7667
2031
3254
5445
2011
7899
3326
7884
8967
9882
4568
7584
7928
9794
264
3428
5285
9889
2401
3240
4577
7703
2037
5391
7748
4697
6109
3937
152
920
7857
41
1451
2032
4645
2462
7677
8080
5352
8849
8040
3710
3820
4536
4216
398
1155
2820
3961
4966
7040
2609
8174
8249
8500
140
8767
4490
5953
5923
8260
4701
4957
7384
8409
9410
9419
2481
3437
2036
5469
6783
6806
9234
5018
8833
280
586
276
425
9508
9510
3652
4272
5871
4333
832
3865
9973
2343
3462
6153
8726
8926
4967
6800
4581
9739
3801
207
7524
8048
2288
5326
8914
643
3032
3502
4771
477
7303
607
1028
4360
7940
9759
1759
1064
7026
8120
7700
5521
3635
7063
3705
623
2213
4709
9746
3835
7019
9249
3220
8426
4968
6988
7284
8752
2080
9224
533
4212
2636
5097
8505
4629
7017
1417
6814
6345
5137
1445
2794
7156
454
7942
3299
1072
2859
3391
203
2204
511
6841
356
2480
4941
7139
3090
6756
8106
5265
2200
2380
5205
8776
3383
5096
709
4079
6596
9187
9277
5540
5861
9638
2458
4506
3367
6740
917
9939
83
1783
4737
8481
944
2762
1849
6107
1498
5564
6418
5649
4133
6730
1032
6401
5394
7264
5138
2551
8887
5260
5674
6962
3824
8750
158
7611
2949
7391
1469
3135
9908
1504
1151
2062
9489
1088
2338
2660
2516
558
2503
6851
1423
9928
1265
4739
8285
8626
825
6643
5345
6622
165
2839
2688
8156
9873
2533
7763
1658
4447
4953
6050
3706
727
7174
3597
1832
4804
9736
2590
317
1850
9883
6882
60
3829
4174
9127
6496
9685
2123
4995
704
2099
4335
2291
1598
4729
8741
2381
9223
5454
7297
7685
7103
1061
7683
7701
2250
2783
7961
3062
5344
7519
4270
2845
7390
5981
7105
7828
4340
7644
8457
2924
1099
551
7959
519
8614
9691
1293
1718
7607
8391
3023
325
7443
2116
6155
6748
8535
6586
8857
2199
6660
8194
7071
9682
7460
3415
5073
4661
8166
3488
8280
9369
9420
443
7508
9743
9578
9929
733
7867
9710
6095
2962
460
4854
8610
7543
6620
1163
2668
4392
8177
3822
2980
4674
8206
5244
3203
1792
8154
8583
5048
5490
1626
120
1966
7085
7655
6590
6101
5616
8803
7905
4595
6648
7009
3757
4757
6033
1230
1653
9748
3890
1788
8079
702
2489
8105
996
1699
6888
3122
8263
9203
1313
1137
6541
8740
9246
9
990
3576
3934
6408
8514
5083
1802
5929
9392
4657
2673
8423
9355
3167
7282
6757
3979
4640
6084
4467
873
7598
748
2772
6574
3124
4195
588
1809
492
5780
2334
5669
6797
9162
3900
4788
4238
6618
2303
3496
9042
1814
6031
8112
9855
4318
5986
5571
9276
1158
4406
9840
1126
491
3758
4836
7286
6833
6722
7643
338
3608
4525
1025
180
9471
5160
7764
9453
5886
1184
3333
1092
3735
4726
4905
2562
9404
1494
8896
1702
3098
5363
7245
1153
8593
545
7827
2473
8390
4121
6170
8109
4556
5047
7357
8027
7430
8737
5768
6421
7252
1321
3848
3857
9304
9523
4590
7014
4115
8573
700
6264
411
2681
3679
5848
2811
9982
3774
4157
247
6175
4778
6631
6194
7004
1264
4824
446
3657
463
7165
8482
3996
9967
6241
3408
8906
1017
1781
9757
4439
4589
4131
6654
342
8051
5910
9421
3453
4213
1447
6688
7146
2844
1870
7057
597
8611
1706
819
1664
3674
4170
136
4396
4607
290
6212
4361
939
1683
6755
2500
1813
9093
8141
7725
4110
5523
2440
8948
8859
4988
9604
5437
8609
1756
1942
7521
1231
6071
1937
2907
7329
9555
3414
5453
638
4038
4426
6480
1309
1195
556
7424
2990
2235
680
1963
3762
6571
9851
9924
4769
3675
8310
4508
5301
3436
2013
8454
663
3494
4462
4882
5333
5567
6924
1502
3673
1089
5465
2977
5904
7820
9586
7526
8987
851
4896
5064
2911
4316
109
7657
9730
1102
283
6379
8483
9449
4025
6366
2779
8931
3209
4471
4673
8143
24
4596
5106
453
1705
3385
3594
5619
7032
7202
8465
941
4765
5527
9348
1815
3689
1332
8830
534
8911
9414
4363
5859
7520
9010
99
3159
5228
7930
8264
9422
9024
1227
8303
1983
2096
5528
2385
6062
1116
6474
8104
7144
4762
3056
8359
4253
4565
6424
9289
4524
8399
1962
4417
5612
7755
8355
198
4676
5294
8910
6375
2475
2952
6491
2566
1165
1931
3746
9329
9771
4367
6193
5568
7349
7456
7013
8913
6091
1366
5164
5680
9458
5070
6443
5098
2648
6026
5869
8276
6944
8116
7901
7696
836
6649
8935
724
6922
7410
8551
3476
1741
6789
194
4118
1125
2836
3630
9228
9805
2536
3196
1291
1499
5343
6139
9614
3099
8354
8678
2386
3882
4197
7176
7654
2224
4514
8041
4233
9921
9568
7309
6063
1382
3400
2073
8558
2466
5702
9498
5036
7743
2747
954
1941
6850
87
4873
7993
1862
8199
2849
3589
6205
9292
8165
1455
4408
6961
9765
6263
1819
4843
4003
9868
62
9681
2923
431
2352
2436
3785
7217
5721
5769
2496
1510
2570
5020
9538
9800
50
3193
3030
3322
5997
9985
3132
318
1315
5483
1668
5278
6975
4187
6773
6745
7359
8209
3957
5738
4963
2738
3666
4855
6010
6511
7377
9107
7844
2903
2008
2364
3195
7565
7691
7554
6158
9807
9036
7689
9832
3991
7704
3984
6319
202
1467
1474
6110
7708
3004
8050
2535
3005
3755
9361
8224
7058
4205
5224
9509
3479
5325
2528
2709
8685
9423
383
1037
3223
4686
5530
7287
6015
7205
8134
8459
4484
5809
8539
141
4483
471
8700
9572
1232
151
387
6793
9039
1588
4582
5901
6102
9158
6602
2982
2641
5071
4310
5049
5653
1351
1579
8301
8811
55
7808
732
2248
4594
7713
8460
9091
2165
6057
6461
7254
6679
8635
5595
9862
9944
538
3859
6137
7154
9019
4470
4881
4563
3959
7491
3064
7893
839
5944
7243
7623
4060
7184
6121
7579
6470
417
2522
9622
4898
8401
9991
3172
6912
9893
4452
8666
9619
8974
340
1607
4806
2883
138
5271
8239
5026
2786
3398
4401
4924
7450
8083
1986
9696
336
9109
9758
142
6268
4173
5556
8529
3331
3776
3553
6836
248
5692
8943
3238
3620
7064
7863
4593
7886
4303
2626
7612
8559
1139
6123
9767
9641
1470
4879
2519
5234
7915
5411
8275
2965
6433
7824
4991
6131
2974
410
8734
736
8512
8831
6246
1229
4564
2203
8179
7803
5428
8846
720
8519
365
8765
1700
5713
6827
486
9822
5266
800
8436
1823
3048
986
6013
8533
9237
9245
9626
7907
7270
8042
1503
5516
7891
8796
6464
8472
8686
2214
9002
2131
759
1429
3027
6371
7160
7794
8643
6818
6457
9665
1793
3364
8940
677
2835
5151
7113
2456
6821
6520
6970
8520
2282
2268
7960
9618
9684
9079
5451
5743
6686
2545
6810
8742
167
6343
7532
8291
7092
8061
3888
4987
3063
9558
3798
1365
7518
2145
8479
8584
4390
6434
1637
4934
5235
5695
2297
2890
3516
3272
8982
6055
2823
5715
8962
7919
8892
8953
5257
6092
8397
8644
2989
6509
9267
8444
1338
7645
1031
2266
8774
199
6143
3522
6549
3002
134
3695
3141
9692
4763
7589
9023
47
8153
1261
2279
6951
1805
5601
1296
4986
9280
9952
3105
6318
7360
5037
5366
3353
753
5456
386
7839
9561
7766
8162
1440
1555
6987
3390
7401
8471
3892
850
3534
7996
6771
8637
9588
8960
9953
7000
731
7771
2633
354
9003
4236
1169
5196
8477
2691
2187
3515
5406
4904
4240
8095
174
2657
7294
7731
5021
742
3948
4032
67
8367
2616
1910
2422
3161
1568
7925
20
570
3552
7059
950
8305
5245
6066
7258
4128
6005
9056
9156
4570
6412
7914
1424
2005
9216
8081
9761
542
9892
1404
9601
5843
8400
8660
2450
3452
7734
2893
9686
7563
2846
8092
1070
9097
9455
1361
9481
921
9469
1475
1634
1556
8342
3286
5302
6855
10000
3544
4062
7203
7769
4420
3823
5280
8682
3101
5144
4503
610
478
696
3055
4554
8015
785
1978
7791
1743
4161
7834
9591
2234
7594
3742
4261
4710
892
6861
8786
9695
293
8283
9774
5950
2679
8261
516
6884
4435
3234
5609
6111
187
3777
6472
9487
8561
1402
1482
3236
9385
8227
1828
8292
1581
8435
1414
4400
9111
8089
4833
2453
4120
4656
6976
3413
3683
6665
5117
7770
7816
9333
5400
9279
5551
7194
2637
4497
9478
5729
2148
3315
5703
226
6521
5254
9981
1817
6416
9876
159
8467
9502
9910
7529
1628
5384
8316
1473
7330
8488
9998
9345
5606
2913
1009
8314
5984
1663
5978
817
8248
1825
5418
4355
802
5849
1536
4185
4885
9801
3039
5934
6572
7823
414
6960
8453
1694
9312
1767
8374
3040
5182
3592
6879
7793
874
979
4500
6000
6485
9899
5795
8797
8667
4080
8288
5847
7545
840
5691
6739
9153
7
815
5218
1686
2608
3269
4376
6996
8021
9482
308
8964
2729
9976
4356
9655
6531
9714
1394
7453
2652
2963
8656
4799
8625
3581
5136
2640
4125
7497
3949
9975
7957
8627
1670
6657
9295
3978
6224
58
2797
4478
9063
1611
7181
2207
6847
725
104
4959
5353
9089
1050
940
7596
1982
2392
8862
6530
8762
1565
7626
31
4046
7126
891
6484
6593
6733
752
4341
5561
7348
7950
8825
1956
9640
3046
6437
289
857
2398
4979
5759
3442
6729
1512
96
5157
8132
4167
8406
2906
2376
8242
3977
1005
5240
8793
375
2548
4816
5636
2692
5166
6338
9301
5433
6016
7437
605
2543
4711
5858
729
6364
8478
9219
5052
7042
3378
8658
9336
2501
408
6310
7025
7151
3521
5131
7926
4496
8670
949
7311
2902
4050
4681
131
1212
2050
5793
8086
9397
969
2946
6256
3459
1531
3638
5295
8387
5
6207
2321
1583
8416
2502
4421
6934
7362
5804
7656
4906
1235
9942
217
2354
578
8980
4326
2739
5382
4883
7454
2970
442
774
5263
5642
9142
1271
73
6852
6600
8118
6283
6011
2743
3113
1857
2815
4012
7854
575
7122
8969
4328
8669
2643
4267
8950
3924
5832
9418
4095
1614
6406
2706
6293
9435
1993
8196
6452
3068
4099
1140
7364
975
6632
2216
9255
9972
7030
1964
3729
9744
9772
981
9092
2000
5917
6652
510
3549
2861
7407
419
7083
503
2577
6286
3144
1737
8335
8344
7877
8874
5311
667
4183
2818
7721
7738
3611
5231
2177
6126
8417
9734
3872
6776
2884
7044
8663
2981
9172
1168
4284
9189
2069
2531
9997
3688
4945
6623
2584
9396
7039
4895
7249
9674
4740
7944
5038
6955
1916
3707
5179
2862
5124
3292
175
5334
7947
7847
991
3086
2402
7192
2308
6466
5852
7152
864
8690
4148
9480
4845
5141
8100
1077
4623
8764
3567
6638
6400
930
6048
9722
6020
7155
7851
6129
3614
2357
3711
5022
9287
4111
4998
1234
8649
9268
3747
3253
7682
4149
5410
6465
6991
54
4669
5317
9444
4675
4278
2767
5850
6287
5585
3405
1302
4286
9220
808
2287
8175
8486
9450
5370
8821
9045
4138
8023
3395
3106
6236
6398
9731
8772
480
8998
5766
4407
9463
9628
620
5120
8632
2803
9831
351
3846
1023
2547
8528
1270
1405
7133
1044
6288
4551
6925
9587
7426
968
2245
307
831
5816
2494
6697
1895
5797
9121
9907
1662
5975
7535
9607
2953
3737
7215
193
675
4866
6067
2014
6284
1082
9335
3181
5135
7008
1369
9405
6844
8692
3242
6410
6285
7990
3047
3231
4660
9270
6235
8090
6498
592
5921
205
1606
1714
1904
6094
7939
8743
3423
8657
1452
436
9227
1118
3058
4529
7372
3360
6625
9175
5279
6564
7558
4809
321
1600
377
409
1562
9629
2217
9556
272
6519
2727
3358
6154
6420
1780
6687
3803
238
9034
7128
6134
6105
15
1517
7768
2463
1357
852
971
5457
8392
9272
3461
6358
8369
2972
9830
450
786
2782
2002
5524
1989
6051
3500
554
8763
4517
2701
315
594
3794
6140
3928
5361
2821
3384
6407
1952
6503
669
7948
8915
9067
3526
2010
2761
4925
6361
6808
8600
6653
2396
3856
4717
6710
5360
2715
5596
4432
8820
66
5039
9871
3470
2908
3895
4455
7043
8413
4578
9791
8739
3091
3529
4124
9668
3431
4395
2133
8689
3357
5569
452
1221
495
7921
37
2852
371
4139
787
3233
5574
211
3720
2048
7866
882
1766
3108
4543
5717
7840
3670
212
4106
406
845
6986
234
2181
5903
8068
2716
7079
798
5531
3121
4940
8250
1310
6080
7693
9569
2589
4677
108
3933
6764
1863
7673
1577
372
7726
1280
7028
9193
2658
5401
6900
7981
300
5806
6834
4880
1847
8991
7399
1432
6167
7995
9360
218
9671
9080
2067
4864
4453
7478
4830
782
8497
9720
1642
4922
4516
7007
2651
3247
6278
390
4229
9461
2382
7002
7135
7250
2437
4540
6165
7753
3317
8749
5080
3472
4334
9374
6989
2024
3956
6471
8550
420
1323
4451
5570
5756
2671
9963
6858
806
1051
3185
8724
7346
823
2854
6350
3939
8211
3810
4587
6658
4812
4900
6940
8997
7604
1619
2817
9560
2530
9077
1218
933
4856
977
936
6627
2054
9536
4295
1742
6157
3971
4487
886
9828
9467
8754
862
4040
7096
9057
25
1820
2871
3898
9154
5191
1377
2840
61
309
2140
3676
5591
1468
2711
8510
3194
7125
4671
9165
9452
3019
9256
7829
9037
1744
7564
5625
7941
173
7041
4136
4211
8282
4279
5261
8447
5747
6282
9051
3975
2139
4513
1192
5226
6547
4423
9296
2856
2261
9788
1765
7510
641
1843
4410
7235
5694
8035
8567
3804
1808
9252
2748
5810
5572
1770
2044
1799
6553
5375
1476
7536
914
1997
747
824
2066
2310
5259
8522
2922
4947
1078
2403
5896
9496
6781
6897
