4131
4729
2803
6474
9454
2827
1444
8379
384
538
1526
9363
6323
3683
7764
7789
1564
1649
1213
2730
3475
8213
7675
494
7567
116
9715
5599
8850
9288
9803
557
1130
1299
4886
5576
5880
7626
8785
1861
2607
8468
3375
139
3158
2295
4017
8752
2966
8834
5417
241
4743
9907
3591
5248
5621
6830
7502
8334
1833
6992
8180
586
191
3440
7637
1954
3334
9873
8725
5757
6247
7774
2790
8846
1826
380
5792
1854
7275
9806
8984
8479
6717
4050
6178
1005
6590
7090
2117
9197
7545
2266
7024
2150
6503
7108
4615
3607
1653
5038
9003
8790
2379
3350
3464
8604
8612
830
1609
2909
9017
4941
106
6796
4942
5866
7160
1004
9852
4102
4681
2515
2224
8029
990
8074
423
436
3635
537
1921
5028
9517
2634
4969
5835
9871
8852
9534
8629
3835
1233
7994
8096
9122
982
6431
1375
2643
4191
5634
9090
2257
2296
5099
8328
8603
1704
2971
6417
7436
2188
9883
6305
2901
4396
5049
4234
9728
8901
7751
8661
2538
2703
6775
7543
2805
7168
2165
4510
7016
9584
3180
316
5492
6158
4160
4059
5175
5852
7996
6358
8193
446
8271
369
4491
5381
7600
723
68
158
8080
1288
786
8030
5794
2617
9086
1966
7664
4383
1656
5774
6330
1687
4567
5442
2489
6791
9105
9936
1582
3750
3824
6102
2278
9725
6091
1640
4363
1524
332
6677
6699
6846
4054
2826
4164
6492
7417
6188
7030
4649
5821
6614
796
1222
8593
6001
7466
1141
2578
3804
7177
2898
420
3114
3878
8881
267
615
1723
2416
3023
2398
8069
9876
4542
4369
105
1139
2279
7317
7691
7121
7228
7472
2283
3831
7838
626
171
1887
4507
7271
608
1457
3479
5847
6142
6445
2349
8711
5627
7457
9531
3863
8177
3428
4229
855
4597
3255
5538
7799
7091
2667
4514
4422
7389
5359
910
528
1623
6485
826
5768
617
1597
6277
84
2315
2170
2787
2890
7102
5783
653
8550
8941
9504
1677
7692
490
1030
4049
6083
473
5884
1495
5808
7103
1632
3805
2879
4500
6549
8835
8305
7151
7736
8986
2602
5368
711
7496
6860
9341
7255
7718
2840
2239
386
652
3543
9459
4594
7022
9904
533
2020
1338
2352
7679
801
3345
7710
2053
203
775
4134
2162
3070
3656
4306
4447
408
4305
1895
7218
997
9754
843
2659
2054
6626
8536
4364
2640
5180
1917
8157
7097
1697
1359
3445
9980
3483
8007
414
9793
7052
6545
9610
7332
7975
2825
5904
3128
7437
8386
8625
1840
8533
1866
4558
6531
9779
4103
5352
8620
948
8976
4463
5501
752
2122
2453
4334
6442
9566
3477
2455
3319
7430
7830
235
9672
8954
8912
849
3948
5166
3859
9266
4237
4269
853
6420
1810
1892
5769
359
3124
4416
237
2696
6515
2172
9199
4765
6623
159
2594
4745
2102
6381
9343
5742
1528
2550
1482
4003
5047
8647
42
9255
1891
2334
2675
6403
7224
3482
2244
8516
2263
6658
1275
3963
6687
3155
6982
1087
9763
1329
2519
8547
3103
6712
9027
9975
5372
2516
3266
5404
2440
5598
6844
510
4413
760
8250
2479
7251
2593
4769
9246
9587
8485
117
6185
4373
5753
5229
8939
193
3437
7900
8321
7280
4064
4703
9060
2808
9669
514
4293
5925
8246
3237
1856
4909
3619
9381
3034
9036
3989
4696
313
3011
563
5150
5674
9165
1039
9539
9239
927
6489
5856
3250
4294
4031
8083
9269
1351
5158
2294
4881
2737
7629
985
365
4552
5798
546
3519
9684
5445
6888
4717
5010
385
8078
2065
9410
4687
2217
6108
481
3678
7304
7573
9633
4783
7724
7998
2063
529
8201
4677
3129
3366
5019
2447
8463
2606
6852
8601
1165
9123
3222
4444
8882
3094
223
3900
53
7915
4163
4394
5917
6089
731
762
3905
7623
1012
2828
6861
9073
7007
9550
4797
8130
9388
8664
984
3424
6176
1221
2434
7536
8700
9891
4935
7449
7614
9155
3807
4320
840
7292
6976
2472
6961
8050
1815
4624
4205
572
1231
2694
7556
1479
829
9029
517
1182
2720
5893
8093
3516
8660
3203
1034
2605
5309
2223
1999
4494
2339
4186
8270
9767
8701
4402
2338
9874
8718
226
1841
7481
7462
3297
5295
1342
4991
7484
7891
5163
2022
9842
2908
6140
1802
5395
1312
8558
2537
5658
9551
3163
4419
5952
5321
2227
8222
2706
213
1343
5196
8089
6838
5941
9282
2682
5937
3874
9560
5287
8217
576
6719
7539
9026
947
1685
8697
3972
5504
5100
7739
1878
5681
5733
2841
8076
5942
3665
5837
198
1448
7846
1148
3975
6680
1248
3795
6663
2027
7936
8005
3280
8257
1918
3883
6494
8495
7868
7948
8075
9522
4914
681
6161
9175
9649
4199
4673
6968
836
4878
8554
9323
9447
9063
3815
182
152
2253
3689
6090
234
6125
4895
9418
883
3304
8924
5200
3521
2143
9529
1787
9783
7133
5443
5276
6583
622
3149
7910
229
4691
7143
7906
7018
1250
2893
3875
9626
1179
3574
3636
7859
4209
9345
1428
8936
4985
7040
8049
7740
1260
2373
9735
606
4580
5546
861
2202
1158
2937
9632
8398
9756
741
5668
1729
3095
6087
1136
4392
4441
9496
2799
9507
2382
9835
9204
7853
7032
5868
7747
6300
5960
7182
3341
6258
8214
7821
5940
5499
3978
5451
5790
91
134
6266
4813
9430
9631
2899
4517
9206
9570
5683
430
6121
6253
1530
6454
7719
427
2722
7767
6238
8543
2070
4869
5064
7288
8727
6606
9007
2779
4551
1509
3320
3950
8077
9916
3156
9645
2747
5520
382
5519
2439
7355
7140
1655
8753
1368
3378
4877
5396
2947
6311
8159
1202
7270
9087
1758
7805
9796
9960
2480
8340
6208
744
3557
7333
9821
9264
2495
8200
2585
3353
4545
5330
6478
790
5564
371
3716
9815
3131
6236
3959
9802
4067
7114
138
5587
8607
8
8387
4520
793
3606
3071
8994
2422
9460
879
470
3073
3698
8847
4926
2916
5613
9144
5357
7489
6850
8045
2111
8175
8103
9600
5394
6070
3536
9114
231
5236
5483
4481
7441
9888
1411
4069
4952
3565
7313
1513
5888
2531
8416
1557
7043
6964
511
4063
5025
2456
2801
3065
8618
2394
6790
4668
5459
5566
8369
9924
3484
2036
7041
5068
3990
8255
1129
2918
6755
9889
8189
2932
3359
7122
8237
7236
1088
1286
394
5616
3812
1364
7688
8590
8754
6654
5082
9096
9786
3737
9542
3214
8523
4005
4061
1001
8893
6041
6050
860
8500
8816
2941
8283
7982
9503
1853
6269
8832
7733
424
6813
7622
3816
6411
2361
9609
4333
2508
3487
1028
2911
9655
3306
6804
7676
9512
6618
2883
4803
8409
8795
847
1877
6938
3436
866
4477
1914
2800
6233
8138
415
698
3664
4066
5918
4586
6528
2597
3861
7815
1988
5575
3151
508
1022
7448
7587
1208
3461
5655
9023
2867
4976
5281
9548
419
5277
7089
6621
5485
6340
433
2034
3358
252
434
561
2754
1380
480
5259
6936
3202
3541
3727
8304
564
8094
2308
2930
4077
6109
6276
1268
5076
1581
8887
1485
9040
1372
3916
5998
7514
3632
187
3695
8032
720
8842
9847
1749
2158
6264
4713
2388
871
3037
5903
175
1933
8419
6997
2323
7334
5615
6131
5298
5600
9109
3539
3293
8728
3368
6194
6408
3182
4212
1427
5056
7023
7967
9321
5567
8176
6256
5489
7923
5156
5484
3444
1326
828
8808
9072
9339
8652
5342
7570
8826
6766
7482
5145
7648
8216
1442
1719
3513
3159
6196
9931
5242
5636
2520
6983
8048
4958
667
6008
8003
5552
2267
9599
1077
5116
9
3778
5405
9005
1472
4921
6875
3205
4404
6956
6074
3593
5039
8355
1332
4104
5755
9973
3313
7872
3441
2877
4631
7345
8783
1658
6814
7136
4461
8439
1510
6933
9235
3781
679
7358
522
2420
8511
3420
308
924
1545
6743
1575
8013
3108
4932
2846
4298
9179
1673
4129
7518
8946
6052
6380
7638
8788
4819
5795
4023
4091
7674
925
9671
7075
2280
2466
9220
4506
3196
3937
5385
8484
8674
1055
6399
4701
3294
1832
5233
1255
3012
4153
7172
3742
2079
648
425
194
3315
8173
3504
6390
603
5822
6732
5579
9373
9937
4426
7883
805
2679
4919
3340
5899
6686
6980
5269
8357
1396
7876
9890
7850
8166
3298
8028
4126
1316
8070
2631
6172
1045
7858
6398
5123
1977
5185
8269
1076
6993
2689
7569
7931
9369
4562
1615
532
3119
5789
7188
7947
763
7348
1416
1554
1594
6080
4048
4964
5863
8988
4720
6556
1127
9545
1054
3755
1796
1164
2609
1804
7655
1048
3074
2967
810
6763
7884
2913
9755
9625
2332
5266
1
3190
5283
4980
9008
1156
5441
1109
7597
9285
6045
5543
5666
8187
183
3028
8114
6547
1047
271
4554
3747
2954
3918
8802
3208
1947
1843
8443
8758
485
3777
7473
1314
7581
5278
1562
5119
956
4634
551
7298
6941
9654
6280
2007
3458
3818
4119
8318
8378
119
1317
3868
2836
9644
4585
80
358
8744
2372
6535
7341
8970
6990
2318
4464
1809
9177
4123
7249
9892
610
8782
8437
7973
740
1511
8432
4058
9743
4928
943
3849
7817
3949
9900
3435
5057
8742
1113
141
7263
4619
887
5724
5691
9121
1636
4155
7012
1437
5707
865
6730
4519
4576
5672
7049
6404
8107
9257
126
8870
621
3077
3448
4105
2738
1531
6379
1335
6808
2100
954
8477
1574
5573
499
5656
7081
2588
8765
8868
7125
3704
2363
4972
863
9585
2105
4458
4875
5400
7170
7866
3308
8346
9568
9727
7116
7419
1882
6728
1997
2029
4617
7166
1031
6969
8894
8113
8239
4872
5316
431
3351
4748
8414
960
3057
4324
3493
5991
4207
2580
935
1357
8947
7425
9115
8813
9297
405
4515
6387
9283
2591
7877
2309
8268
6342
5448
1955
682
7976
5989
2404
3133
6842
623
917
9329
8124
9338
3241
9720
7521
8059
1679
6986
9308
5183
2336
8648
1422
8655
3762
7465
3898
5879
2237
4323
4531
9721
1355
6374
9461
6837
591
1458
4366
527
2205
7336
8818
9581
459
5642
5353
8280
3638
140
3922
6690
7232
4712
8151
9863
4784
2962
8226
1508
5246
519
945
5450
5861
4955
7321
4181
4996
9966
536
4106
9415
9991
364
4970
9359
9513
7361
7834
1811
1412
8662
2740
2132
5143
8195
6066
1186
6334
1718
8891
3045
4449
6245
6558
1331
1447
7006
3388
1876
2858
8809
5365
712
6598
6652
6544
6067
7649
7977
2052
351
6064
6689
6216
1813
5786
6336
7071
9241
1900
6412
272
9053
3830
8345
8589
2762
2960
1477
3534
5198
5961
8324
4521
441
8300
4496
6443
19
868
1044
7405
2471
8342
290
5095
89
7390
5053
1534
3219
1584
85
7686
7499
6092
1399
4258
5612
638
2925
9804
558
6783
5112
5096
9846
4737
573
2699
8797
6234
1125
9047
7790
5723
5343
1967
5897
7787
4252
5323
9328
1370
3992
5210
9578
2814
8441
9214
2297
6939
7310
7927
281
3256
6053
8249
5984
188
7146
8933
659
814
3002
7070
8279
8913
2915
7705
2889
3968
8560
7515
3307
2221
2713
31
8181
9982
8230
6780
7277
263
1872
7534
7593
1898
8487
9691
3675
6926
2708
9216
6473
1769
9589
5951
9540
9334
3466
9272
915
7952
3408
6902
1950
5702
478
7316
3314
4802
5801
20
9168
730
1273
9280
1830
8519
9349
2155
7129
684
5882
6919
2226
3274
5
216
4855
3633
4108
5684
7123
2215
1949
328
7604
2970
9638
978
2015
1710
1507
1352
5487
5715
7786
8678
8932
976
7378
3793
1365
6534
7297
7645
3029
3327
7330
225
9528
9682
7221
7827
1079
1200
8910
1664
1362
3782
4495
7301
835
4228
5804
8212
8807
832
1948
7712
7722
7215
9390
2369
8871
7058
3248
5871
5073
114
4924
9865
833
782
3693
8066
9010
7820
9221
5333
8851
87
1825
7377
1566
7562
9798
7463
9119
9699
2184
4678
9877
2401
970
6960
1431
170
3427
3648
3404
5839
704
4378
6660
722
4335
4148
5430
5688
3231
3837
8368
3171
5455
112
2569
5780
4768
8277
1987
4756
5221
9525
5625
196
1296
7603
1645
5482
9305
125
1097
4543
2108
3377
4190
3033
3442
6533
5464
6107
5411
5865
9354
9774
4221
5490
3760
7687
8298
1196
5280
7003
9445
3405
5796
5965
8638
3895
2664
7788
3191
1604
2923
6126
7239
52
1763
9194
9670
7851
8315
6949
7372
6230
6061
8313
4561
3653
5472
8658
38
3643
2129
5697
7845
1091
5398
9070
9813
8696
1991
9210
1282
4841
4854
5389
7582
5194
6542
2098
2847
6461
8898
2286
9044
2811
949
3403
4795
1281
2219
4850
7516
8596
666
2345
2832
9603
8374
3213
6094
4315
1420
4377
5640
7325
7861
7880
8540
7504
1672
496
9281
5267
4978
1845
2873
4772
3016
2367
4121
5097
2691
5467
539
2008
2711
7855
1963
7349
8682
1504
6169
9100
8583
3537
10000
2317
2676
2810
5440
1691
2071
4371
9106
5107
9296
5618
5234
6661
5252
315
779
9408
2368
5981
7699
9364
9543
3207
8225
1249
3395
4801
5496
4276
5545
4966
5709
7287
7968
549
5675
2324
6058
8567
555
3246
808
6472
401
8597
9360
6470
852
4611
524
5955
6872
306
4450
5167
1183
5693
9061
2175
7257
6647
9952
8736
121
1498
4314
3596
5539
8147
3185
2069
5530
6096
8012
2669
2990
5819
7175
5115
7164
4809
7624
556
7190
3604
3828
6692
7200
2491
2497
23
7835
9530
3001
6620
2356
3523
3122
3892
780
5928
7231
1738
8885
3757
2242
3794
7346
1272
5061
5452
2662
3005
5294
8145
9498
349
4986
6354
9128
3943
5648
8915
4879
6436
6595
559
7808
9717
2929
3945
6254
330
717
8038
692
27
4778
5558
5486
1984
4682
6930
6446
8746
9909
2481
8693
8770
3275
7938
713
3135
156
1989
4771
7020
9617
5284
8377
2934
7427
3132
4689
7388
2856
6818
6386
2892
8733
4360
5540
388
951
9928
3410
6605
6060
8709
5320
745
3833
9428
6748
7268
9676
3206
7540
3851
9344
9949
6713
4998
3667
6206
6706
1468
4612
6289
1739
1842
4244
7753
8787
9374
6899
2403
1662
9162
3712
8584
8955
4530
9869
1606
1633
3263
3342
3624
6268
9425
6159
9225
5964
1154
8464
6295
6072
9111
3826
3102
1116
8803
6177
4538
7055
6393
7492
6506
743
2247
3459
4639
9350
3579
2299
1450
2262
4606
7723
907
3201
5673
862
2727
7353
4295
2685
9157
5169
1868
2648
3983
8006
76
4499
5418
9841
9702
347
1083
3285
8403
5282
9200
6409
1683
2261
8993
4896
6554
1253
674
1033
2412
9985
3987
6628
9066
4695
6371
4674
7823
1628
2460
9736
4096
153
2950
7978
5911
2731
5582
288
3046
7987
7768
7813
396
1064
4128
5896
4868
416
7652
1759
2341
3962
8504
4321
65
5433
90
8532
9656
2186
8191
1838
9758
2240
6655
104
1438
5288
2238
6684
2576
8937
8460
9481
3542
2749
1828
3556
4099
5227
4133
898
4613
3821
8306
2885
5209
5335
4202
3223
4837
7693
9252
1569
7886
9817
1969
5132
859
6223
6979
8410
8561
3145
6265
6751
7460
4593
1727
2023
9028
957
469
8957
1943
5507
867
2362
4910
968
7557
6701
6115
2381
1924
33
1560
2736
7374
9414
3157
1301
8860
6459
6985
1505
9318
2446
8388
6711
1822
3625
6152
5526
2952
5327
7684
5446
350
8105
9278
8761
1465
6279
1550
3841
4938
5118
5559
329
2241
2322
6578
694
3642
8267
9499
8792
432
32
4471
1057
6744
8739
4730
4457
4963
8907
6696
6859
1585
8863
7707
7300
8512
5390
4460
8841
6581
1570
8622
3598
2999
5962
8859
1875
3570
3856
7844
1761
7898
9740
4220
4785
9015
6308
2051
4845
3382
5081
7942
2835
3259
4397
1470
2366
7124
9658
6042
6532
6848
6911
8119
988
2959
9097
4379
756
7508
588
9316
4281
4307
3839
5734
6249
9866
208
447
6318
2313
5660
6032
362
3965
8476
8448
4947
486
2833
5510
6873
5439
5619
9965
445
9333
690
7818
8529
5513
9516
2798
5548
7766
161
4395
3083
4013
5154
9032
5562
8110
2563
6908
8339
9757
3139
718
120
1803
8644
1298
5110
3197
3286
6849
9001
3178
1586
4018
5816
5058
9404
3053
3309
5647
1537
5249
7690
9697
4146
7069
7226
8944
7169
7694
9021
977
3671
9258
9006
3085
7110
3726
2191
6637
1333
6765
5471
6726
295
2641
110
526
6935
5710
6768
1990
2760
8906
2118
1580
6702
5913
2692
5460
6483
340
6486
2293
201
1009
9901
1544
9451
1278
6656
8344
7264
966
5126
3714
2586
6365
3363
7550
39
7829
4436
1159
4811
1490
3573
7079
1881
7771
9401
4644
5302
9843
4904
6612
1379
3092
6319
262
1795
4098
506
8546
2751
3676
9212
9331
5994
6597
2285
4418
7008
4645
8456
3177
3278
9167
1829
2767
4453
7115
4770
4020
8136
1203
4095
6891
6781
4342
1227
4097
7269
4076
1555
5894
8091
5832
3563
6857
3264
78
6292
6353
224
5781
981
3560
7825
1993
3300
3703
4574
7663
1374
3730
21
461
4480
8886
7191
7580
6504
8228
293
2198
6027
9163
3552
8402
336
2035
1346
3670
3925
1708
6885
75
2258
9619
5429
791
6772
300
930
1546
9082
9993
70
8817
9967
891
4902
5556
2695
9784
4922
209
5586
8667
569
2426
2086
9442
7260
4513
8431
8972
2649
5375
6776
6170
6327
5713
4297
6797
8854
9809
7152
8975
1681
5111
8714
3279
1494
4900
795
7
3031
4669
2477
4339
9608
3784
6817
627
1242
6596
9963
3657
7435
579
1788
5811
6257
7433
292
6682
1069
5730
3066
7901
5179
3225
6811
9196
9142
2135
4175
5763
6495
8296
1912
2608
6033
4137
8349
1258
8284
8581
3117
6352
4676
1469
7613
7667
3719
404
3316
4000
8210
8501
7142
9385
6737
3811
8095
4564
6241
5329
4987
1017
6301
8422
1160
3193
2082
9832
9102
266
7800
9652
7517
257
4683
6881
8831
2203
7048
4060
8874
3761
3533
4393
5948
6367
9946
1225
1599
3955
1735
5264
574
5788
6078
7068
3509
1667
4001
8845
7749
811
5000
5985
417
1893
8319
8326
3999
7979
3454
3694
9365
9659
2075
6739
7422
6370
366
2544
7467
4183
5770
1188
3242
9356
3455
8571
2397
9935
6455
9827
6900
4247
5026
1720
1801
6174
1671
4804
6631
9700
8793
4581
697
5533
6283
1480
3009
5717
7087
8969
2985
5199
5758
2625
4604
4832
9475
3295
3453
9646
9077
3017
8665
6759
7544
2704
3672
3836
8033
1873
4608
2645
7625
3406
4675
3091
3272
4836
6145
1596
7549
4007
2633
1460
4358
82
437
2891
5588
8011
8232
2821
7272
2627
4912
46
1284
2206
2409
2350
6229
1937
9160
4974
4459
61
1419
181
7695
464
3729
4933
4484
1146
3840
5084
6104
9377
1019
6746
5737
1121
9745
124
5207
3101
180
9940
9315
9698
199
7343
4618
6787
7137
9187
7185
3385
9311
7720
8904
2658
4560
2620
7474
1037
7547
5722
1764
4903
4732
5136
9025
8948
9024
5253
2566
3592
4547
4516
4818
5509
8423
3786
9929
5367
7583
8428
3502
7062
5018
5842
5434
9989
4440
8672
9416
3915
426
9814
2524
5465
5641
8920
9224
1686
259
6539
7017
3247
3499
6209
2577
4753
6475
228
3566
2948
4628
9133
5048
9284
248
7928
5843
6491
3469
3701
3855
9792
6278
7683
3281
5776
9426
3150
3973
7698
8573
5957
5479
2764
6007
7678
8876
1456
6118
3967
64
1340
2476
5072
4439
5470
311
1765
2709
7227
1535
7669
8732
9495
5779
4284
1775
553
2523
1820
4165
4110
5516
6175
3269
1167
4161
6296
3953
6928
3768
6000
634
9762
8203
190
4198
1207
7464
1341
3043
4931
9998
5969
7680
9981
2375
9148
9191
6530
1995
6599
2505
1024
7647
8242
3268
6676
7047
7909
4043
8153
8666
7461
6978
2083
6392
24
9668
6909
8734
9366
4835
8308
45
7839
7700
7066
375
3336
8621
6609
9013
122
8719
1441
6385
2463
8317
3751
856
9261
3488
4122
3130
3245
1799
103
6084
577
2475
8370
361
4035
2876
2430
3820
8959
184
1230
5017
5550
3218
4082
4775
9051
3166
1473
2289
8001
9925
5844
8563
301
5777
1907
2612
4532
3142
8330
3764
9042
7548
1712
5502
8055
2062
2795
7165
1264
1493
5289
9182
8459
1446
2766
8474
714
1778
7608
5590
5947
8285
9080
6242
2506
8026
8892
2325
2895
6843
1345
1707
5626
567
4927
8372
8061
4588
83
9368
7044
8142
969
9772
3061
7444
7194
7242
8141
820
2604
8706
59
1320
1038
8348
4318
5212
7643
4381
1058
1261
2017
3253
8312
9707
1257
6617
4648
7577
8149
6733
8526
6910
74
2425
3637
5671
2019
2955
3346
3940
5802
1238
3658
7082
8229
728
7849
8051
7130
9776
6505
2922
1408
6055
7826
8996
5034
8973
4219
7178
2778
5561
2468
4911
8497
6275
8044
442
1784
4329
185
1951
3600
6337
2243
4539
1768
9872
5568
4118
5787
8469
7559
3735
4159
5285
9751
5974
4143
8650
4094
3233
6944
9244
7454
7761
7034
7704
501
4275
1814
8669
3758
4398
5436
5524
6667
6293
7155
5943
8127
5286
6488
7391
3525
1638
4578
1360
2507
3389
7139
4573
9724
2387
3934
254
983
1065
4057
9958
7796
4721
4662
1889
1648
926
2897
8183
9689
8646
8822
735
2151
2527
3265
3688
4761
4782
1291
1587
6807
5374
6522
6191
774
1614
658
8632
3515
1323
1467
4359
5031
9376
6600
7051
3282
132
202
6434
9322
9711
5677
8046
1972
650
807
2509
2557
6273
9135
2693
7869
246
6948
9265
2089
4960
1434
7522
6946
9464
2572
2780
1941
4114
765
9267
6878
8899
1846
1066
1310
8740
5427
6691
7282
7456
1730
9362
4034
4820
4827
9574
5939
3789
1052
1078
6954
4065
8838
8486
9565
5966
6694
6984
854
4100
6307
4657
7615
5453
8856
8879
1624
2096
6580
6815
8131
1381
7804
2104
6678
2946
5202
8088
4913
5165
5592
5805
8702
4130
7890
284
4368
463
664
145
1959
5274
6981
2813
7173
2776
8591
676
919
1216
5938
6251
1538
3113
3615
5699
6500
466
6611
5721
916
4582
3402
7285
7403
8108
1857
3099
6082
6237
7750
9140
4308
6613
5399
9546
964
1102
1344
616
4217
7531
4289
7409
1417
5337
6018
8335
9417
5982
1831
1942
9692
3798
4825
2050
2654
5766
9188
5225
5631
6205
8392
2402
6151
2161
967
495
8805
757
9386
5059
6171
2582
6974
5747
9198
512
2896
264
406
3740
4390
3532
3577
4943
4812
468
7033
8385
2125
2991
7925
6119
7279
5134
2542
7100
2812
4154
8047
8771
9917
8641
73
6594
5518
3880
7107
8545
2517
5908
8521
2077
8627
8979
3392
9074
1998
1395
8025
5977
4944
3238
4193
4417
4651
6239
6405
5602
7506
7757
8598
1306
3960
5424
2994
1132
8092
9558
1692
221
8053
1661
7145
92
3186
323
387
1910
8470
1573
5055
5271
1790
2492
9618
2746
5993
6905
3904
3318
7661
2993
4042
9494
6071
1318
640
5934
6803
5014
6841
8705
3188
5987
9945
3595
7882
4412
920
1896
520
3004
908
334
4204
4195
607
3344
8985
7785
8400
6497
3819
1783
8828
9153
9910
1070
4040
9675
6715
4343
4884
1211
1867
2868
2449
4747
6793
9789
8258
3779
7765
6559
7266
5384
9586
4109
4705
1060
1922
3387
8380
4015
4857
8099
1512
2057
9277
4764
9043
3699
1724
9769
5232
3490
3527
3682
4995
6724
8683
9824
1983
8382
9510
9592
1142
1539
98
7783
8630
3928
3817
8602
88
2642
3583
3413
5864
703
4405
5652
702
1659
5149
9748
1277
62
8645
2513
3287
9862
1229
1934
2213
8507
7530
1812
3010
8220
518
8493
8679
2765
4337
5478
9972
932
5551
3220
8606
5803
5583
9190
894
6965
3518
5662
5933
7793
2638
9413
4719
7565
896
3376
630
885
251
219
189
7775
9336
9859
1245
9899
4227
5630
9290
3438
4224
6056
4861
5449
4079
8594
4327
4387
309
8978
6143
3865
8918
6037
6200
260
6153
5261
940
4362
9563
1063
7265
8877
2390
5732
3339
6868
9870
7150
4575
8320
1489
503
2518
541
3164
3412
8572
5184
8559
9117
8794
1325
5515
409
7385
102
4353
7730
8737
7595
5409
1445
5325
2626
2378
2816
4072
9713
1753
4789
3105
6044
6328
6777
7607
7709
8390
2311
6526
3589
4144
4637
4310
5160
5040
7451
9298
8023
7806
2073
3426
4062
7480
7654
2291
2837
5883
1187
8989
2782
6391
8570
7376
9474
2451
154
2729
5992
1280
3262
4848
7379
8442
1639
3522
5444
8126
707
3418
7382
6344
4354
4330
4961
8375
6034
2848
5855
4313
817
3652
1821
4694
759
3096
5153
5500
6927
222
3064
5514
6740
4641
5623
9718
6144
6922
8755
5307
7990
2123
4642
2413
6675
8839
4917
4115
5869
8034
9855
2346
4074
4716
4671
6361
26
2321
2752
5052
6823
1214
7533
4174
884
5729
5228
9739
4257
5531
5121
751
4666
2124
4475
6516
5090
5983
1173
2788
5935
482
5705
6049
9845
5305
934
7512
3879
5318
9429
6564
3706
8762
9083
6657
1836
6414
7201
4686
4766
5291
7744
5324
2072
4341
700
933
4739
9355
3432
7732
8549
3896
5124
5624
8692
7011
6213
2298
4158
7195
7240
3258
3446
9664
1151
1929
6123
8155
232
1608
3251
3481
6388
3994
7230
4821
870
3243
4010
9351
1747
3489
4773
6355
8072
4605
6345
3876
4230
2009
5243
2473
3998
6634
7344
1134
66
2663
2358
2551
9741
2236
8552
4814
8875
2775
922
9405
47
4325
5407
3138
5168
7039
6287
9902
7934
6552
578
6112
6260
3697
5846
6916
7243
8393
548
7238
7578
8323
8079
710
7921
6130
6498
4301
6192
6481
7631
8538
5220
2611
3810
5814
8830
6562
7302
9801
7784
8698
5201
8942
2199
3612
6476
7475
5881
1366
6320
2153
625
6604
6471
3040
5825
5643
7903
6224
7396
3554
5027
9639
7501
2011
8467
5512
8288
8281
2546
4888
9840
6523
8751
6624
8162
9999
9093
8510
491
10
9306
3674
6914
2783
4968
628
2921
5304
5542
5800
5874
6761
5986
8206
1817
474
2348
3399
3739
7563
8182
7752
3063
7958
2251
3305
1644
2829
8730
9849
8231
6742
1529
5521
3711
151
1327
2928
1161
5358
6517
4571
6187
1350
2534
9465
6011
8362
4347
6950
5140
5767
5024
5812
8112
9785
4014
3431
5919
1155
9271
7060
8952
633
3686
5752
6569
4535
6458
5237
1304
1118
5858
6341
3548
5748
7682
6536
6650
7432
9276
4856
8262
2429
9059
2910
5654
5178
9994
6029
7864
8515
9750
1463
2904
3763
4916
6137
8821
1610
6433
544
5678
8888
8310
5807
581
8120
3055
8240
2126
2144
3641
2458
9881
6635
4351
7477
4309
1053
7252
3649
5475
8286
1556
3167
2176
7962
6028
9564
6332
6962
9337
2624
3360
3628
3476
7656
8579
3756
4636
6039
8010
8263
4022
4218
6963
7870
3660
3310
1150
8101
1371
9604
1591
1265
294
8475
8694
6572
7229
812
2796
3079
7689
7132
9828
1195
8544
244
8274
5079
9409
5815
9951
4171
4779
2229
3474
6432
2745
2919
3496
8556
5013
7908
8307
9137
620
3014
3881
4566
1244
4807
2127
3187
5826
4267
4272
9933
6729
6415
5924
3909
6002
8896
1266
1874
3586
3038
2393
5887
3097
724
1748
3773
9480
1973
1081
3021
8786
1410
6347
8609
8961
9034
5297
1389
307
938
8715
173
2214
5129
9353
2049
2268
7493
663
802
8686
3419
6193
7596
6221
4568
6854
9292
565
3401
2758
7946
995
3260
1104
8935
7308
168
1541
4999
5857
7574
3003
6349
9903
7794
3891
4704
5176
3136
5771
7046
3599
8731
9045
8042
2195
5431
118
3728
8768
8623
5891
9829
4905
6602
2574
6437
5703
5412
14
2064
7552
6451
25
2342
1919
2965
7098
7941
1025
7411
1816
4355
701
2004
8121
4685
5012
7395
9171
2978
5488
2992
4283
7697
2031
1474
1690
3644
4725
1394
2683
9823
5649
5976
7526
6429
9719
5104
6267
8889
1292
1549
1884
4853
9634
1036
8722
8921
2802
3335
9653
560
6014
9663
2589
6695
8170
9602
422
5862
585
1858
6867
2182
9107
5181
5820
6421
5664
8514
1902
7756
8956
3087
6447
255
2532
205
5889
1166
8931
4399
6460
9436
6397
6904
5240
1424
3176
5704
7375
7957
2392
3974
944
7274
9037
9778
2570
3036
5782
1387
4601
5397
7223
9164
9956
4303
5915
7212
5022
7779
8849
6012
6863
1283
3044
1652
3894
5103
9906
732
8757
335
2618
9714
3889
4299
9571
2623
7933
959
8997
1745
7807
3173
6762
8314
9238
9392
8880
5953
9716
2541
7879
6906
8586
3414
4260
1305
5217
1540
5004
9205
4702
5659
764
4733
493
4045
8132
1705
3330
6603
3705
1931
5379
9538
4623
2777
8840
4027
9822
1754
4030
6035
4840
1449
6396
7258
4365
6864
1682
3617
643
7299
2056
3323
6779
7197
8238
2744
7727
7875
1085
2942
6866
9491
3381
4090
6339
1885
2330
6068
946
2389
9508
6315
8450
6180
8982
206
8995
5087
9466
2543
7905
8825
4317
7199
8776
7828
9450
9439
1607
6026
9893
5854
7988
16
3732
3886
4760
3022
4842
1703
2301
5388
8987
3933
9567
7371
1732
3491
6376
7809
6468
6809
818
6957
4180
7781
142
1481
1968
3332
9014
5936
1635
6741
2600
1215
57
1571
96
4472
7598
9071
9744
2487
3430
4828
4983
7641
8635
1781
4251
931
4002
4036
4672
4956
9955
7153
7956
3549
8186
7026
9502
5106
3661
9681
4291
5060
9497
8796
8031
7495
8643
4918
5204
1193
7620
5907
2680
8767
1714
5603
9129
4763
1974
4708
63
1766
4533
8347
3086
9660
3347
324
6162
9544
5930
1715
8254
2903
2196
5954
2875
6430
9884
413
6197
3970
9432
5646
357
9969
1401
4546
686
7899
1029
1819
5171
314
4824
489
4755
22
2870
8509
1032
3331
6971
6862
9746
8361
1603
1397
8057
177
4336
3679
3337
3357
8364
9440
897
150
4808
9520
6006
2275
5008
6877
4724
5700
6284
6101
7494
9019
7777
2558
4086
5080
5203
9657
6160
9970
4992
95
3409
2884
7665
4468
9819
815
4078
298
2208
8086
498
4261
6360
285
889
4032
5190
5315
4420
2391
6757
6925
618
636
2579
7628
4427
6671
2248
5523
166
6778
9777
5428
8600
3396
4781
2686
3463
5463
6501
6326
7431
9243
2025
4410
5980
6047
7920
1567
8143
4830
6725
94
3354
6754
5749
8919
1171
5997
2854
3546
9335
3050
6720
3054
8291
3170
5931
550
2142
5497
839
3140
3254
3725
6773
2438
914
2535
5361
5414
4446
1390
3911
3015
9295
5581
7486
8294
1728
2181
7061
4590
6304
9294
1906
7959
5380
9800
4692
1985
9483
3734
9050
6382
670
941
738
3827
7992
1797
2197
8490
6440
2791
6419
7708
218
4176
8806
7080
4988
8436
1040
2450
6401
1637
9057
5062
4512
7555
9780
5712
719
6820
3608
9387
1837
6449
6892
8287
7633
767
5491
6232
341
5967
7630
5873
9011
2418
5527
3848
3626
1391
5536
6945
7141
8473
5117
6165
6290
6546
7564
1706
5138
5870
2014
7560
6203
7498
6833
6407
3710
1210
1971
9476
1010
5191
7038
8223
4248
1890
1736
7370
4846
8565
8992
9166
9834
7322
55
654
8649
8639
9947
6088
204
4150
987
2180
2530
2327
1629
1466
2046
905
6163
1592
9915
590
9572
4727
4736
689
2040
8354
9118
9761
1522
8462
5312
9974
9192
3752
7554
4502
277
6736
8174
9462
5667
9964
1915
8968
3027
8273
488
4225
1302
1303
8855
9139
6493
7657
2010
3899
3480
5268
6129
6764
5614
3623
5007
8134
7459
8024
965
768
2536
2233
631
6673
3852
2141
2940
3198
7203
837
834
7365
4945
9091
9219
3745
400
5108
7420
1839
8617
2973
9161
3866
1698
3189
1035
2432
8122
7126
7204
1006
7189
8587
2714
4959
9052
8043
2733
5848
8759
9794
274
8708
8922
1050
4009
1059
8505
4239
5728
6683
8726
9184
9313
3746
597
7714
7949
1452
9260
5015
4117
2103
3451
276
1051
1191
2987
7609
9734
726
5461
8676
1696
3530
5878
6653
1377
5070
2395
3026
6331
6722
317
3078
1090
1157
8021
4434
4508
781
3854
5946
3452
9939
1163
9141
5035
7324
3192
5211
5222
7318
4170
9606
4548
8707
7584
4883
2405
8848
1269
6901
8704
9549
6507
6557
7538
3618
4847
4529
71
668
584
9300
1618
49
1751
4268
5999
9595
215
3621
3630
6662
4509
8513
7056
97
2560
4758
6551
5244
321
3137
4596
8823
7105
7235
8396
4429
6561
4156
5921
651
3913
5632
7367
9805
2657
794
4790
2718
4052
9327
8433
8491
766
2724
7400
7594
2078
899
1578
1740
1863
9084
715
8394
1175
1612
9875
7237
5620
3311
1023
893
5205
746
5293
7762
453
5344
58
6207
6439
6750
3717
6587
8004
1133
2759
2770
4670
8580
7503
3956
113
1462
3662
8458
3744
6147
7636
6359
6
2831
9307
6202
8999
8878
1373
7035
4994
8325
8974
2355
305
7327
7469
9031
2001
1536
2887
8359
3076
9056
3080
7192
7527
8858
1767
4742
2000
5849
9732
3472
629
2377
9422
1760
5778
6782
6835
9519
9382
4731
1311
7261
109
7106
6555
1700
7601
5628
6231
8135
2250
2953
4780
4544
2282
4213
4141
5963
476
644
5975
1259
8161
8695
7546
4211
8367
9379
4929
2700
8535
1117
2504
2592
6648
7759
6869
1855
3227
6261
1219
5098
1363
1404
3529
4665
7812
4487
7211
7537
2939
5469
7392
2647
5128
8729
9183
2039
4990
5685
7095
3204
5432
3210
5192
9514
9667
4389
8302
4973
5328
5886
3544
5401
2433
6669
7364
9826
7964
4194
2734
282
1328
1583
356
3343
50
721
4504
9099
9208
3646
2442
3276
612
2277
5926
8542
9189
2185
7627
157
9932
9941
4493
8035
6479
8266
8426
135
7205
1774
4536
457
3312
4754
8951
7717
1525
2820
6297
69
4093
2635
1120
6942
6298
8397
9035
1082
8895
1432
7406
8466
9579
9402
9811
1185
2665
3062
6884
6639
928
3035
5386
1956
3450
1975
1279
1835
5830
552
596
7366
6836
9886
101
3362
1617
8673
7745
5177
5784
8116
136
2417
8527
3019
6314
7216
2540
7576
9170
165
7726
9641
825
4740
901
6329
1879
5549
3944
4569
4839
5901
7001
7083
9605
3561
1945
2501
2917
4489
1958
8640
4226
8743
3767
9788
4382
9468
3111
9737
4885
9923
5661
7278
1295
5011
36
1572
2483
5063
8943
2882
9136
7424
3059
3932
531
2874
4525
5231
6228
8169
3800
3906
5340
4051
7109
2702
6378
3134
4799
1553
8272
8520
6212
7816
6324
9423
9647
454
5817
9215
2528
2982
402
1106
3290
1678
1217
7857
3993
7542
249
2601
8343
5251
3068
8236
1297
2949
2320
2287
9286
4139
5831
9799
261
8631
9473
4627
4647
9263
2792
3996
6593
6883
4203
6632
8928
1514
4570
3317
6146
9831
4408
7651
7696
5665
5990
8938
4805
9245
3677
4278
7156
8488
4894
6179
705
2255
8395
6097
8866
753
4038
9696
3846
7453
8058
2742
7602
9880
4006
677
2539
8401
1928
3471
5833
6157
8756
8539
5594
270
1957
542
1701
4667
5584
6095
2595
1925
1483
374
5503
9487
1521
971
6570
2755
4357
6758
3603
8492
8014
9310
7991
9098
646
1271
3082
6322
3845
5046
8971
1520
3160
6514
7963
6798
9085
5050
5420
5577
6079
6424
4897
381
6038
6377
8857
72
2525
6847
8202
6093
4946
7814
739
6543
29
5265
6567
6576
8399
133
3239
3301
4626
7902
678
2616
7004
7634
7894
3299
245
637
5001
2793
3553
4749
4826
289
278
2772
3089
3627
5235
4274
7497
7772
1071
4167
4414
4557
8616
8681
7281
9858
9882
4470
580
5458
7478
167
2637
2743
7912
4635
9443
1734
4411
570
2347
2794
6303
8735
950
3120
9203
1384
6708
851
4923
2116
8363
6316
8098
6592
8434
4184
7010
8827
2500
7760
7819
9844
2565
2977
2359
4798
9172
2957
6630
4710
1073
2410
5751
6586
5923
872
6970
9687
3328
3590
4073
695
1798
6211
7671
399
3715
4858
5373
4553
5606
5690
7284
8413
3383
5537
4829
2958
5738
8358
1654
1026
6427
2863
9887
51
1413
5720
2771
7138
4643
641
7208
2235
299
4322
8406
7412
233
9471
7057
4053
1939
8425
1849
4124
6435
9441
1952
5382
9431
3271
207
4169
9640
9703
3640
7289
1322
455
8575
904
6998
2095
7267
7329
2672
3954
2907
9961
3411
5762
6771
7059
1435
6022
7616
1042
7311
1308
673
2819
4982
8508
2768
5331
5895
8613
9733
1439
8747
9533
9112
1694
5474
7919
6646
3457
716
7111
2246
3112
7972
1996
7314
9506
4625
4757
5241
6643
9303
665
4011
5605
9223
186
1844
3051
827
7222
7955
1294
9104
604
3380
7579
2139
4800
2621
8865
1848
1243
5437
1251
5092
9920
5744
238
4350
9120
6099
1721
5260
4492
5597
5851
8444
6991
6508
6453
8429
2490
9857
6141
9249
8111
4055
4316
4430
9367
5731
4075
3267
7323
5137
6966
656
1319
1388
4707
4044
7874
530
6801
2781
9372
6113
8710
9908
2157
169
5139
3292
6134
9270
4361
9913
6139
9469
2290
5892
7307
342
4451
1478
9612
5093
2750
3720
8168
7485
1423
3174
4950
6934
3961
3806
9251
7943
9898
660
9552
5378
9201
7524
5135
7320
8022
1126
3616
4744
6882
5094
5468
353
2652
614
7064
9435
1695
3517
3931
4937
7186
1595
1688
1262
6645
1274
3277
6819
1506
3902
7660
3024
9427
6589
197
1334
5695
6219
9002
4182
1976
9622
1324
5560
1267
7702
6876
5173
6619
6573
9547
2306
4792
9705
5746
4600
4025
4280
7605
6731
3478
1961
212
7731
2310
4406
9134
2431
1409
2741
8637
6350
3707
5950
6135
2384
4210
4255
5920
3008
2521
7029
6456
5759
8123
2156
1407
5466
3709
729
411
4197
1883
6366
645
9293
7960
1348
4526
2335
3620
7092
4375
619
4629
3393
3796
6622
6921
7036
9130
9808
1206
3224
7210
6520
4424
6571
1665
2575
4245
9561
3013
8420
1870
3946
9065
8449
6932
2823
6110
7592
1519
7791
6707
9830
687
6127
1666
2406
2319
1356
5363
980
5535
56
783
7528
3355
8721
6235
7312
8190
4889
6077
1559
4874
4892
1453
850
5074
8528
7340
291
6638
4633
7571
5348
1908
2457
5756
3416
3759
7234
9055
2598
2192
8260
9637
1247
4080
6463
4232
8482
389
477
3321
1353
1403
2099
7721
7871
7953
8568
784
6794
1212
8578
9324
1108
2152
6665
748
1184
1192
6858
9575
7063
8626
3952
7653
3613
8275
6466
874
303
4833
7331
841
8418
7073
9583
273
2988
379
3907
6122
9950
2340
9314
4595
5645
1354
2997
5155
7352
3980
2815
3433
6368
7021
2710
3390
5162
9250
8582
5195
8259
8276
816
5633
4264
5369
6181
7009
492
4004
5765
8675
7939
7520
2002
472
9864
7085
438
1402
2853
6774
2303
605
733
6317
8040
8684
3872
7913
2660
3930
5578
877
8215
4661
8934
696
2354
3439
1094
8496
3914
8890
5043
6321
4271
7836
5958
2173
6272
4949
5905
9921
8264
3498
5402
2209
429
1484
2212
7737
467
8724
2859
1994
6685
8557
8133
2938
3733
3468
7065
525
3609
2357
3935
9396
3226
3869
368
5218
6480
148
4233
6204
297
4728
7735
3578
5263
2956
5151
5146
6075
821
3421
4709
7027
7245
5206
9722
6220
6333
9472
9131
1018
1486
842
1425
9593
6760
1852
8983
3162
8592
1789
8017
4041
6154
465
8499
2865
458
2190
1865
4638
8085
4979
6714
9149
2981
4870
344
4039
7161
7681
803
4346
7128
7088
4185
448
4287
2773
4688
2716
3951
2005
9648
2232
3216
7541
4467
1938
7013
929
521
1046
3462
8019
7997
2254
18
962
3923
6299
1647
3501
3765
9535
253
5006
7589
398
1426
6953
3443
2411
598
6566
6644
8137
8163
5238
4622
8668
5032
7259
9918
6955
9553
632
773
3261
9217
8653
3926
4786
909
4201
7247
7350
923
5726
7356
8680
1497
8745
9976
7303
9452
4584
6227
3567
8962
9391
3814
440
1611
9248
9984
3194
8102
3230
4338
6063
900
1744
2364
7701
3647
1145
9988
1862
709
4663
5370
736
1979
2677
5023
6829
9125
2211
5257
2169
7585
3979
7881
7410
6615
1722
2414
2467
5393
3352
7847
8651
2383
3770
6568
8018
9948
2690
5495
1982
6351
269
1794
8197
9274
2101
9301
9674
5692
9661
8365
913
4021
5292
4843
3429
6046
2632
155
3723
3947
5706
823
9630
1337
5591
8408
2861
5188
7401
2806
9523
8824
8908
8445
8998
2043
2316
6484
7945
8923
3797
8483
2066
1336
9997
9509
3938
9127
6164
911
9058
9493
5972
3084
6897
5480
2094
7042
8421
2809
450
3545
4263
4767
7500
9712
2012
3333
1287
6363
8139
6133
5020
9706
6709
8981
9868
2651
5927
9836
9959
3680
9020
279
800
99
2427
3629
4541
1003
5065
5493
4957
1897
4162
5144
7099
8218
9690
5347
1209
3060
5604
7911
8424
7742
2622
2862
822
2085
7755
3526
3822
11
3215
7798
8766
4250
2728
8945
4388
7383
1491
7734
8687
1823
2385
5785
6243
6874
7315
7743
4286
5415
6625
9636
4607
8769
9470
9861
8461
6395
8820
7404
4431
9853
3407
5105
4610
7824
3088
3888
6527
5876
6767
6996
9151
4659
5611
7101
7149
6529
1709
6923
4187
7711
1620
3787
2804
4810
5125
5223
7337
9597
6640
131
3497
9273
3146
3791
1095
6834
875
2343
6477
2756
8097
8690
9126
3893
4142
2493
6903
6977
8811
6629
972
3749
8564
6697
3107
4216
5041
1851
706
8953
8478
806
7668
1239
2502
4652
989
393
734
5772
2587
1228
8611
4448
5127
312
5174
2599
2328
7763
6173
1376
5044
3217
34
250
2044
2145
4577
5338
5680
5694
844
2091
5596
6672
9444
601
3152
882
2415
2735
6913
8129
9340
7202
7519
2160
9995
9930
2596
108
2344
6138
487
8198
1122
4151
7241
6128
6356
7981
8292
5354
6649
6792
5945
6871
8455
7445
9944
776
2510
3776
7209
9848
5326
7728
749
3144
6802
8068
2674
9979
3081
6851
360
2454
3422
8383
4168
9787
6889
3772
1263
4092
4370
6248
7640
5208
5638
6076
7841
3511
5290
8227
6553
6738
8188
5360
4208
3585
2864
3514
7413
8553
7611
9437
4844
6756
367
9022
8633
813
7748
7852
3379
8056
6441
4599
4486
7362
7450
6105
8619
1674
3369
9556
819
2610
2785
7220
2179
7843
1886
3125
1953
4699
8605
9110
4016
8900
589
7054
9438
8128
2514
2986
5296
6943
2726
1236
1194
2851
6306
772
7471
9524
6973
9132
9500
2087
6975
1027
955
4864
6519
1436
4518
7176
2249
5003
649
683
8965
4319
296
797
2906
7162
8555
4367
7896
5910
6023
8360
2041
6106
1285
1970
7993
8685
5067
9256
4993
214
2678
6222
9456
2639
1149
3195
6198
1847
2252
1894
2886
6462
9532
4300
2204
3007
4621
8278
9449
2109
7795
799
4400
5571
5708
8295
5818
8950
1168
7147
8663
5141
6915
7551
3995
2
378
4249
13
4433
7045
963
1313
3901
1742
5349
3743
5841
2435
7050
1684
7887
8150
8261
8060
6467
9247
3184
8087
1750
8958
2230
149
2128
8411
5580
4646
1563
2995
8391
4140
9651
986
6259
3572
7644
7635
691
5391
6005
991
7758
1593
8172
7568
5827
7306
8352
8929
9169
9357
8417
8289
9479
1137
5189
994
6664
4867
43
4948
9330
6541
4698
669
8329
211
4384
9181
176
2423
5735
8247
1643
6369
7002
8537
6452
4222
9448
7810
8712
1114
2037
7801
4620
7028
8192
4587
2271
5456
1098
2843
9279
2386
2944
9775
4111
4852
1619
582
8869
918
7118
3056
4609
7860
2210
9795
4178
5224
8608
8801
1992
2187
8140
3645
2445
1651
127
8812
2817
6721
5973
1499
5214
2661
6057
4831
9152
3651
3434
1223
6659
2757
2838
67
283
1909
5909
8778
8446
6252
880
4697
8864
509
6148
9237
1946
5797
9895
8207
3273
3584
7672
9400
258
5120
6418
6824
1777
9207
594
6189
6995
9009
3838
4474
4478
7290
2228
4838
4871
4873
6167
9911
4084
5355
6389
3338
6024
1588
4138
4925
5522
4113
7117
9701
5193
2055
5547
9729
355
8791
9839
4653
3792
2619
1598
9075
595
9227
4997
6464
4466
4089
1347
6217
2615
3890
2943
3324
7446
5922
7523
338
1543
1558
8833
9375
4711
1177
1289
5760
5875
9643
5033
8873
1757
2590
8438
456
6183
7940
7217
354
8327
9642
4145
7120
2225
2666
3296
3666
1349
3039
5148
1962
3109
9242
5637
3877
3032
9683
3921
5122
5979
2032
2149
2914
7398
5477
8241
9726
9818
4240
6214
9770
3116
6010
8245
4029
9397
2844
5213
3020
505
9218
3232
9048
2807
5761
892
9342
9709
6270
4488
3456
8577
5872
7373
9837
5317
4088
4735
8804
2583
3118
3531
5508
1021
9912
8562
4135
6988
9536
5944
535
7677
4899
7416
6030
6218
3467
7342
1548
287
1542
9782
1124
9554
6786
3917
2926
3473
9180
397
1152
1981
2673
1451
2717
3423
4265
5914
2644
3075
2888
798
4936
1464
942
7293
2273
7572
6509
7074
7439
2120
3668
7167
2725
6111
6036
3870
886
4421
1119
1772
2556
164
3650
6150
2107
7483
4989
4116
5859
1276
6357
6582
7158
2270
737
8115
9389
554
1622
6302
7369
5669
7895
4380
1725
7455
1107
9797
5718
7865
3106
4498
4279
9511
2220
4302
5754
2137
952
7642
1605
6577
593
3639
5258
5593
9962
3555
4906
8502
3564
7309
7930
9894
5635
3783
8750
9650
77
2636
8677
9407
1100
8063
8814
3832
6184
4173
6020
8966
9816
392
624
9232
785
1068
1307
2839
2092
2048
3754
4125
5739
9598
2331
5030
1516
5687
8780
1503
8331
8447
7053
2628
7078
3864
7067
8082
8440
6723
3235
3708
9145
60
6856
3154
3984
9992
7782
2553
403
1791
5306
2763
7867
5679
322
2894
3559
5311
5569
8717
8836
6263
7254
1702
4822
412
2371
9004
9202
998
1321
2562
9230
4409
4497
5279
2333
3575
5900
1270
9825
5159
671
515
5650
6608
3153
6924
3547
657
6642
7096
9666
8689
4033
2119
2603
3322
1577
6054
1237
4679
5454
9953
5653
7286
1527
4445
5714
4806
2200
8350
5366
9446
642
9616
858
2084
2302
3673
1138
435
5054
6246
937
609
708
6537
8008
1827
5377
9320
6373
8311
5553
6348
3398
3587
6952
4437
864
1869
8914
115
3691
8282
2687
9686
5371
7184
2353
857
661
3847
7907
4469
6540
7510
1641
3887
2026
6190
2448
8366
8798
1601
3507
9954
2554
4243
1385
8167
9781
1496
1806
2189
7429
4579
6616
7421
725
1172
7351
2164
2784
3169
5775
8333
543
845
1392
1733
9576
1169
2441
9228
6666
5845
3860
1086
6800
8016
2068
3179
7339
6585
3161
6400
9854
2774
6907
6967
1293
2526
6438
7703
9537
3236
5840
6890
3364
5711
2424
7983
6065
9810
6450
2701
5716
8303
2408
2584
6482
9108
2452
4901
8301
1518
5161
3168
8036
7387
5682
6085
2855
348
7725
2845
2512
4823
809
9317
5310
6098
30
2218
5572
7966
9812
8819
9501
1367
2900
7833
9987
391
5438
1782
3465
7458
9092
372
3753
3165
3460
4172
8656
2351
9708
4690
3370
958
6636
7650
5109
6870
4326
5810
6291
6607
3141
5410
6579
8716
8764
1824
3897
7892
1660
4304
8253
4741
8642
2443
1650
9820
2933
6271
9463
4026
6428
130
1699
2581
8244
8530
8144
6016
5016
6338
6821
7193
217
4403
9213
9922
3052
8784
9064
6727
5130
6845
7196
2951
5042
5157
2265
8164
3371
6972
9406
8481
3622
1190
1020
4482
8862
9730
4954
9138
583
1382
2028
2511
4776
1080
9291
3211
5622
8905
5408
2614
5273
8435
1074
7256
9885
2088
2961
8624
7442
9968
9526
7848
4632
7072
3964
4423
2698
5877
8071
5147
6040
8773
587
2272
4511
7591
4425
9996
1433
2090
7922
6679
1041
4714
912
3685
1936
9766
7918
5996
6810
6681
2980
6512
8703
8903
3175
3228
9485
6865
9492
1625
7357
8713
655
2881
4656
838
3655
6893
3741
5949
1631
8208
5005
3025
6444
6240
7148
6469
6940
7296
7159
9302
7989
17
6402
4893
7729
1093
6641
1181
8381
2459
4254
9573
3802
6753
3834
7181
9557
5525
7832
318
1860
6947
9211
9914
1630
1850
1062
7246
2715
6521
9742
1067
6832
9613
4465
5275
3126
5339
8551
5272
5250
1162
2021
7338
9371
8927
1198
4483
4715
7553
8576
4372
6250
4019
5113
5247
6584
4940
1002
1461
2573
8451
3939
9089
2496
2902
5563
4442
339
6929
9607
1099
5300
6688
7163
7670
4650
9395
2646
1147
6735
1061
4332
5423
2522
8205
4435
4971
6210
9678
1383
3775
2797
9421
1805
2545
5745
6448
4235
4356
2552
5517
4374
7305
6286
7778
8688
7135
8118
444
2498
9398
4
9434
9934
3356
4684
5077
5929
7916
6004
6274
9325
9559
107
6718
3386
6025
9174
2824
3550
1785
6406
6880
1515
5741
9629
3121
3842
3997
5387
9555
8322
4348
4774
6310
4953
7273
7612
3912
410
1551
792
3283
8405
5585
7746
8991
3503
7854
6346
2761
2074
513
888
6313
6704
40
547
5853
7015
754
2305
2712
280
7428
3576
3654
3936
4660
7529
9580
443
9113
2076
4951
4750
9094
788
3551
2786
7561
4981
5051
4908
9680
3594
2470
4312
3663
592
2549
9628
1880
1476
5002
5336
5838
2769
4534
2748
3047
6086
1523
2113
4132
562
5956
1616
3602
2857
6116
7885
9049
2852
4223
9990
2975
3919
2503
7014
4616
4796
5422
6285
9062
8073
8293
2047
3058
8506
6524
147
3862
7440
1123
9103
460
804
1339
1762
7157
7803
1621
5270
7802
5676
6487
7171
2963
2529
3391
8234
3601
1013
4127
846
439
680
5187
479
5651
7214
9289
9378
7144
143
1576
4834
8178
1241
3090
5419
1014
123
4962
5216
9851
5557
1808
6565
1903
2314
8251
4738
4349
7037
2033
2171
5457
1488
3941
5725
4887
8525
1330
3104
8524
2399
9195
2045
2106
8194
7112
7359
343
1103
2753
3738
6788
4592
6017
973
2494
2681
5750
2564
8117
8517
9259
475
9231
2437
2723
5383
3372
8039
1916
8146
6335
7019
8160
5091
6700
3721
6201
9896
4215
4572
7619
8522
2486
4501
4793
3681
3829
4200
672
7507
9515
2067
6825
8209
265
326
3288
5426
9759
3500
6769
7276
129
3571
7706
345
996
1440
7250
9253
2112
6887
9403
352
7470
6117
675
9957
5069
4288
4565
242
5362
7468
9753
5565
9012
727
3857
8980
8309
1170
2567
3289
8926
2140
3580
7926
8125
789
3284
8916
9919
8720
3018
5867
3713
4555
4071
3569
5978
9033
5544
6215
7363
1627
6132
7198
9176
407
8760
2269
1980
6156
5574
1561
2478
1818
8738
755
761
4718
6822
2168
8407
3731
5219
9577
2998
4056
771
3470
7995
8897
3072
7335
1101
3148
7447
9541
8614
6372
9240
2983
7856
9679
4880
7917
1935
7487
1197
685
4432
8884
4112
571
5239
7666
4008
3508
9079
890
9752
6114
54
1613
7354
8967
5850
6789
8090
7632
6364
3510
2146
7414
2488
7525
8829
7443
9588
9193
4602
9807
4328
93
1174
4157
6186
507
163
5009
7360
4630
1731
320
2370
3903
6413
1905
4292
7929
3257
9611
9926
1226
9582
1180
256
6898
742
2969
4479
2326
3535
1752
4179
1049
3494
9143
8265
6015
4540
540
6828
7415
3631
3991
3929
7295
4214
9627
3303
4259
2288
8109
7233
7434
2822
4700
7951
9943
7971
239
4037
4723
7225
7914
9927
3384
3867
240
2365
8243
7974
9518
6770
8336
1111
9878
200
4120
5906
4188
8430
8909
418
6627
9054
9704
5303
5617
160
1315
363
5481
6920
1964
516
3611
9710
9768
1689
1015
8480
9209
2732
3588
2707
8376
1986
1669
1930
3942
4550
3808
1011
3100
2655
7283
7944
1204
5498
3172
9978
1746
4083
4196
2629
2292
5255
7479
6513
770
1475
4136
3049
5101
7617
1235
4012
3722
128
319
7621
111
6895
8494
5932
5114
5791
6288
1430
2436
3329
5506
7179
7659
9068
975
8204
953
4192
7291
3234
3988
4664
9505
6752
4231
8373
1927
6816
8566
3093
8152
8389
15
6062
6510
6309
3884
4189
7769
5532
9478
2684
3006
3976
331
1199
6422
7822
6550
2444
9039
1590
4524
3873
6670
1923
4290
4537
1552
5254
9760
523
613
8615
6155
8297
4282
2060
2739
3069
5595
5609
9693
568
1547
2989
5197
5736
9677
146
7174
3221
9234
247
9738
1234
327
1500
9601
4528
502
1220
6698
824
4415
7213
2154
3799
5740
5968
5823
611
3367
4081
8917
1533
9038
3562
5829
9562
3634
2924
787
4752
2878
5570
6499
9361
428
5256
243
4680
9081
9095
3788
1000
1112
6896
2935
4890
8000
9833
452
4101
302
1780
639
1579
8185
8211
3110
3495
1589
1246
3520
4024
4706
8777
3
4863
7588
4246
8723
4438
8654
4087
4345
9521
5505
500
2964
9412
1668
504
1178
5834
939
3558
4407
7399
1218
9312
483
2284
7618
1913
1358
35
2656
3696
1776
7000
41
3528
6525
7961
8027
9394
5037
6199
5346
7244
7127
7206
7407
9986
635
3030
6425
8489
9482
28
1676
4658
7262
9838
7932
7134
8165
8353
6827
8062
195
5131
9489
4340
5416
7754
7904
6785
8964
9897
8534
2653
8100
4068
2131
9569
5689
6182
227
1792
9078
9771
4598
5262
3486
1663
3910
3538
8199
1140
3492
4490
4085
7985
4070
9867
2133
3270
6591
144
1716
3790
9124
3042
8636
3718
4028
5071
9615
1680
4614
5806
6918
9453
2136
7319
9352
5170
6457
1459
1646
4462
6416
2013
3871
7662
1429
2421
2482
6693
1965
5988
4549
4726
2216
8610
3374
4166
6013
4640
7397
8498
3229
7219
3181
9458
4817
9765
6784
4391
4241
5971
6423
3687
6826
2880
5719
6575
9222
2968
1926
5314
7586
5995
7093
8171
9688
1771
3147
4791
9346
9488
9433
1978
9490
5350
7086
2337
8837
7639
8415
6124
6166
1008
4746
8219
2499
100
6426
7418
390
8569
7590
3669
7084
4930
8861
3200
4788
7599
1290
3908
6745
5066
3982
3924
4655
2061
7328
8067
9254
4047
4977
8503
4522
8196
230
6917
848
7294
8041
5406
3361
2194
2201
4206
4734
1675
5534
6710
8531
5860
3702
7935
3581
1400
3000
9233
9380
8883
4273
7113
2927
1779
6048
3199
3920
9268
9370
8002
48
4443
1756
4456
2869
881
4238
8427
9146
7741
7980
2110
4236
3098
9419
3748
4266
6912
5021
8156
9069
7511
2945
4891
7513
7984
8148
8789
337
376
8741
8772
421
1414
1568
4965
6465
6716
4503
5029
9384
2972
688
3774
9186
9287
6601
4527
5462
1176
1932
8781
8872
4777
5764
7207
1007
5696
9455
9000
6958
1726
3614
8452
6073
6633
3769
7426
778
8628
7509
6244
4523
5912
7558
903
2974
8106
8518
9347
4331
8548
6563
8949
2166
3684
545
4939
6103
3067
4270
1016
2038
2097
4851
3291
5727
2174
2485
4722
7394
5608
8810
1600
7490
7792
2222
2380
370
5898
1807
9420
7532
9399
3966
6937
7077
3348
7131
1487
9076
902
3252
8775
8815
7685
2264
6225
8248
2484
3524
3736
5226
4152
8015
8657
1834
7873
377
9158
3048
3724
471
2474
6548
7999
9116
8179
6019
9484
4556
8064
1773
2115
4794
4915
1131
4285
4859
5476
8599
2630
9695
1089
1657
1502
8158
1115
1743
1232
6009
7770
1240
4934
6894
5392
9977
2850
4876
6410
178
6574
9749
2996
8233
310
3977
6674
5836
1105
2231
4984
395
2234
8299
2130
5215
2688
7837
2147
6511
8748
1406
1642
2905
9694
758
4256
3885
4149
5345
6840
5529
5589
6805
3610
3844
7154
6886
8224
7610
3843
9486
5902
1144
1755
451
44
7965
5085
6705
9041
4107
2920
8902
346
7950
9424
5102
5186
7384
1859
7488
961
6879
8054
5341
6281
6255
7005
6560
9635
4975
1911
6384
4296
7893
7716
2533
9030
534
2003
7713
602
2912
3143
8104
9018
9159
9591
5435
9185
1300
9226
4476
2167
3568
6383
8316
37
1205
1361
4401
5230
699
8634
5425
999
7031
7253
4352
5086
8084
8154
179
1309
8235
9624
2400
9856
6651
210
2281
162
647
5299
1920
325
5376
6668
6931
9319
1135
6226
9665
3958
9154
7842
2376
2081
2407
5308
8471
4849
4277
3809
7986
1128
3582
5319
3785
1532
2469
3766
2976
7969
8963
9764
1871
7863
2849
8009
5182
9685
236
9590
8940
172
8960
8371
1960
3365
4473
4920
5142
7423
7889
2461
3485
5301
6999
9673
1899
662
1072
5421
8384
1421
2276
5885
9275
275
3927
9971
3394
5133
9905
2304
8843
8977
5824
921
4882
7776
9262
192
6989
6294
2016
5152
8699
9309
4865
9477
3183
5413
9150
2568
7937
6149
3801
2329
8065
5663
979
3425
6325
7773
5334
5890
777
2030
6120
8454
8465
1143
5698
9236
6588
1517
1455
383
3397
1693
1864
220
6136
9178
7326
8290
8588
1252
6362
6806
8595
8404
1084
1713
2177
6282
5601
4898
566
6734
8351
1418
2274
4455
2307
6610
7187
1602
5351
4376
7248
462
1634
2059
5245
2719
3823
6031
8081
3813
7347
6518
2138
3597
3957
4262
1256
9731
4385
4603
2093
5089
7606
600
3209
4505
6051
8453
8911
9156
2360
4762
4862
5322
2121
4344
3415
8671
9147
1454
4147
6853
8356
1398
2559
7076
2058
7715
7780
9596
3850
3244
7888
2178
4866
5644
6839
974
9747
3417
5799
8457
1626
5607
4693
8930
2555
2979
2721
7104
7183
8774
9850
5088
6312
5629
5657
2462
7831
3659
9623
6043
6262
4454
8763
9358
4591
6959
2465
8541
2697
5078
5701
7738
1904
6003
5610
5364
7811
3780
8691
1565
2259
2830
6100
8659
1092
7393
5793
3858
484
6987
2193
7180
1944
1940
9016
3400
9723
2789
3540
1153
1901
3325
5555
1770
8574
5828
6490
9620
5473
2183
5639
2842
3127
878
7119
137
9879
9791
2024
2260
7658
2464
3605
9046
9527
6749
6951
2134
7535
5447
86
2571
2931
6795
2300
1741
3690
5809
5541
9860
8670
4654
5743
2834
3825
9101
2428
3115
5686
1386
4386
4589
5916
174
2114
3506
4452
8184
9326
2670
4583
6021
1501
497
4253
7840
7646
5813
1793
873
7402
8800
8925
7476
6394
6081
9594
3512
3986
8472
895
7368
993
2419
3249
3373
6994
9229
8037
769
2080
7878
9938
2548
2018
4815
9088
575
3505
4177
7380
1189
2561
3212
5511
2668
4242
6502
3971
1224
2148
1800
9332
2256
5075
5528
9942
7094
599
3853
5959
7970
992
3123
286
2984
6799
1670
5045
7025
8779
1492
8585
5970
9467
6538
7797
1201
2042
3447
7673
1471
6375
7575
8256
1415
2818
9662
8412
869
3326
936
1043
4559
1405
3700
6855
7408
2245
4311
9348
2006
1443
4046
3240
6069
1378
7491
831
3985
4860
5356
6747
8252
9299
2547
8990
7566
9457
3449
81
333
9411
3771
8052
4428
5313
8020
8867
2159
2207
750
7954
1711
8853
9621
3302
3981
8221
5494
8337
8338
6496
2936
2374
7862
1369
4907
8844
8749
5403
9383
268
8799
304
6195
8341
1096
1056
9393
1110
4759
449
2396
3803
1717
2312
3041
7924
2650
5164
1254
5332
1737
3882
2860
2163
5670
5773
7452
373
9614
6703
1393
4485
4787
5554
1075
2705
9304
5083
7505
693
8332
9173
906
4751
7381
4563
3969
9773
2871
7438
2613
2671
7897
9067
2872
747
6343
4967
9983
5036
7386
3349
1786
79
1888
876
9790
6812
6831
2866
3692
5172
6059
6168
12
4816
