1942
1829
3743
5564
7496
2895
2884
146
360
8154
209
2927
2191
486
5883
5999
5709
9057
1317
2529
2453
6688
8805
5360
5411
6383
1986
3360
4517
372
631
3131
4408
6177
8705
1566
7435
7668
7074
1526
2268
7603
8641
8249
768
5681
2448
5388
1239
2183
3786
7858
9692
6079
6273
3571
3302
9588
728
1617
9625
1815
9863
8383
4701
6662
2975
8040
9337
87
7181
7205
5859
4074
182
1520
2519
5956
6470
2865
5848
7983
890
7805
3839
4501
6622
7814
1032
3462
4252
9920
4314
8299
9266
4754
6150
9974
779
8715
5738
53
2883
6185
6804
4173
9916
268
9317
3752
3164
9799
56
6319
6430
6365
7821
999
9
783
5628
5135
5651
846
7047
2915
3873
3488
8070
1554
2515
116
5608
752
1588
2676
370
951
6380
8153
2589
6155
3893
8520
4260
4406
7762
4084
9735
5148
4647
40
6587
1550
3732
1635
4541
9939
3022
6188
9993
3731
375
2164
5139
7388
1564
644
111
2825
4557
3102
5517
892
3755
2953
588
1902
4104
7515
2546
6293
1389
5222
5363
32
7402
535
4341
7268
3662
6425
6098
7541
9168
9400
1392
1704
4580
5545
776
8793
5512
4890
2994
3245
3385
2511
5017
5317
1382
9757
1414
9119
5614
6418
79
5130
9136
9780
4308
3080
6740
1499
4427
5588
8409
3818
5572
7565
4854
6950
8474
2899
1153
6710
6703
2836
6139
6790
3845
5925
4531
5937
2317
4006
7716
6016
6285
518
2544
1450
4803
4948
8066
8091
2339
6385
6166
9284
4558
4560
6161
164
9599
2364
6807
4389
2021
7152
8791
1265
3922
2635
3303
6028
2724
3769
8020
440
1533
8917
1437
2707
8238
3337
8255
9459
5300
9529
6377
7144
3342
745
1604
9361
6207
8437
1689
4895
899
296
2039
2388
9164
9988
434
4412
8707
215
1676
9749
9077
201
2208
6542
6135
2060
3176
5029
9866
2844
4157
4857
1457
3148
5668
7854
1055
5485
3930
5271
6836
4865
5731
8032
8296
1735
751
6871
1626
5230
2417
9840
4583
5122
5833
5359
9215
5368
8361
6704
4867
8951
6623
3986
6913
9498
403
2423
9868
4554
700
2120
2129
7615
913
3341
7198
6264
7989
788
1578
9264
3198
8890
219
8169
2735
9411
6311
6361
7525
6014
6845
1486
6214
85
526
5202
3206
7652
1172
3393
1761
1949
8591
8319
48
2778
952
1674
8883
8778
2466
7095
3336
5648
2211
3435
4360
5116
5376
539
5535
724
6146
9841
839
5650
3959
5291
7543
942
8018
3318
8976
1302
7457
7317
4200
5972
658
8985
3135
775
9203
7050
314
3283
4961
6674
8097
1152
4335
6411
6065
6550
5642
7689
3314
1375
4381
513
9640
1531
2278
4254
3281
8102
8209
9754
1766
1712
1033
1465
2392
7187
7630
9812
6778
6923
7678
7788
9614
9761
5940
9196
7235
230
356
8568
3223
5762
9059
9307
2956
1378
6772
8073
8423
5412
4838
8557
4603
1093
3346
8007
8598
3143
8910
2097
4440
4862
5849
2721
9353
9912
6485
8782
9025
877
3940
8779
2273
8185
1401
1536
8004
7870
2950
5476
6367
1305
2324
5828
8403
1584
7688
842
1478
3617
8201
8269
5132
5348
3751
9082
3626
4584
9548
2516
2281
7017
9483
1419
3362
4130
8353
8965
5320
1682
3509
5138
2904
3258
8254
906
6350
1045
4901
7093
8207
3075
9014
3548
4774
6727
5802
7393
7269
8078
3191
880
7917
1453
4319
6148
922
3860
5069
433
1043
4495
7253
593
812
6053
6866
8597
9872
3282
1101
387
7900
2028
6121
3799
8011
328
3399
2075
7534
6579
978
5489
7972
5587
5975
7926
6445
2126
3896
2123
8218
5187
1941
3928
7918
831
3296
3383
5244
1118
8545
3881
3891
3369
826
5758
8065
4716
4215
5593
9075
347
3159
4692
5064
6447
4613
3547
3698
985
6764
6987
8359
811
7822
8896
2559
4750
2193
2232
4429
5053
2219
7754
595
965
5733
6017
6434
9568
2206
8678
9039
70
6307
9457
3897
8404
9339
4385
2764
5257
6779
8806
7919
7201
3011
5266
1383
5784
5952
9311
1213
1236
7279
3016
4794
7096
1529
8862
7454
2718
4914
9512
2294
8192
825
7705
5232
1444
3546
9723
6353
3489
5575
3015
8399
249
3549
791
3952
2964
3504
8649
6252
2272
657
8567
137
341
852
9890
3774
680
8016
3401
6773
4148
8662
9382
14
1697
8865
9377
142
4258
5213
3063
5307
652
4911
6100
7016
6742
8532
7553
737
3706
4123
5620
2845
6356
6856
9537
5416
7113
3728
8467
8980
8953
6573
6684
9028
4266
74
7211
2478
827
2006
8117
141
3880
4475
5632
8871
944
1231
2003
5185
2644
930
6317
4181
8930
1968
6971
9535
527
992
6099
3112
5797
7890
4317
4592
3186
3432
4568
7709
3677
4365
9760
6595
9351
1593
5845
968
2482
2554
8115
7060
719
1300
1718
4096
6247
9523
4026
6511
7648
2838
2866
3195
6730
6732
8382
3019
6298
9492
4131
7192
490
9765
2181
5020
9365
99
5541
4623
7660
4156
6761
1849
5324
9170
138
3988
2532
4983
9867
4313
4767
5225
7878
7299
8608
6875
8988
4051
5302
1648
5238
7586
9601
9195
6915
245
633
759
5671
6004
322
3858
4725
2427
561
6368
1154
1532
2011
5853
4229
6879
4350
9806
2908
5658
6237
9116
9627
4759
6914
8295
6199
3028
4453
6149
1344
5584
8536
1036
250
1741
9226
324
8950
2948
8390
6822
320
1351
2807
525
1273
4648
8550
9892
1511
1726
4905
4846
1794
9689
3808
8135
331
7477
8664
3849
388
1784
1296
134
9702
8473
7567
9296
1517
5065
5197
7405
2740
824
2775
3128
8298
9509
8848
967
3215
6963
8259
19
3875
5076
4207
7508
2500
4893
6068
2779
3926
243
5618
3476
8379
9744
1218
4092
8602
6020
9011
5297
7169
188
7579
1108
4768
5024
9623
1898
1363
8885
119
6171
3249
7563
4251
4489
7314
3914
4542
5245
8938
7881
240
2631
8719
1903
9192
9004
2581
2868
5100
6555
1399
7410
9708
81
6833
9469
3163
1189
7133
6752
4827
5964
6025
6472
7030
8302
4410
8539
9608
7704
8239
7020
3279
7064
994
3518
4088
6241
8397
9889
9067
7065
4975
3768
9790
1810
8637
194
708
3445
1123
8026
961
5938
7357
9399
8962
2819
7382
3983
8213
9753
617
7077
7214
8309
4949
8391
7025
2981
4386
7614
9006
5374
9392
3309
9729
105
5666
5801
4931
6505
9969
6997
865
6390
7451
447
4962
1210
4152
9257
3187
7480
9283
1757
6834
5399
9115
1703
5453
2289
6934
1097
4537
4566
4831
7838
2092
3474
3931
8682
6561
4250
4027
4102
7076
9814
2485
4612
4621
7439
1288
4951
5263
9675
4605
5686
2027
3244
6979
7894
2973
5236
5669
1822
136
101
3970
2017
2912
2642
5046
5334
4504
2415
8210
1398
4401
4470
6818
4290
6403
9162
9356
8611
4451
2756
7767
5214
861
7733
2125
4912
7014
4221
1901
3924
6734
4886
6041
2220
4201
7843
4044
8131
1120
3380
5834
7449
2271
7876
157
2814
1906
9118
5752
5927
3111
9464
8093
8360
227
3311
4485
3572
2488
5856
6581
7180
984
1103
5518
5649
7240
17
2797
8235
1304
9526
6421
920
2464
2702
3199
5955
3932
8575
2871
9941
1464
5426
8111
5585
3733
6321
9262
2843
4887
7742
6995
6673
9873
8939
3960
3636
1070
1352
7940
3478
786
6243
6600
1842
8745
2595
8781
6289
7100
2603
4735
9651
668
6260
9649
3927
4328
6612
1188
6666
9785
9788
1824
2873
5552
9982
2748
8485
4472
1423
3602
3224
3956
6858
7111
8645
5137
5237
1834
9896
9222
2974
6416
9518
5547
2730
9369
1778
5073
3219
5322
9238
7254
7395
1254
2308
2621
3292
4882
6824
8521
6191
6044
4540
401
2774
6181
2237
9341
176
8584
3357
6927
7415
7892
8417
7644
1257
4164
4695
3780
4778
5891
7702
6921
3908
1031
4680
4685
2996
3655
5515
8519
8489
794
2225
8294
8114
255
522
2292
6852
3533
8773
3624
4190
5789
8638
2113
2174
4569
9759
4614
3686
8528
7322
2170
3266
6309
6665
6899
7775
3937
7311
8959
1859
2141
7271
1582
7127
4425
5488
7647
7837
6186
6605
7738
7295
8998
6791
9166
6564
8362
8841
4125
7134
5536
3792
9423
301
7632
4691
2594
731
1864
2461
2445
5126
170
1439
5958
2088
2487
8193
1926
64
5840
7824
4075
4919
5174
5755
107
4787
9908
4987
5558
641
591
844
2689
3961
1323
7517
7573
832
1914
8566
6461
4908
3083
9247
122
2432
3977
3872
9803
1870
6110
8710
1993
5501
9444
923
45
5211
2731
5207
6194
809
8429
9609
3115
5413
2442
8454
874
3079
8767
7140
8775
493
2140
4303
6706
9584
1166
225
1627
9041
5279
9061
9360
1005
4810
5863
770
2839
3273
7803
298
3645
1368
477
4160
9422
1832
3228
5638
932
7566
4315
2404
4990
8413
4352
9397
5309
300
4488
1008
8547
515
5056
5624
8875
3431
4400
7397
834
4227
4724
8952
1850
5316
9127
3878
8560
9595
9157
4655
2617
5313
9964
8795
3646
400
4214
628
5917
6709
1269
8514
8927
9366
1246
1988
7403
6880
9265
5181
9832
4997
5862
2137
1112
6638
7121
7478
3382
6967
186
3520
8900
830
5674
6969
7323
1857
3032
3210
1058
1084
6076
5894
6769
6378
7645
2510
5401
8414
9688
3611
473
203
3761
4769
8858
1560
5418
9443
1876
4559
4042
9935
3901
8224
8674
4491
5968
993
9370
5039
5870
6821
6410
7770
540
4119
4730
5679
1179
1094
7473
8405
9049
2473
735
9103
9615
2419
6660
9131
3139
8428
4608
8749
9804
2597
3482
6190
5520
7804
7785
9558
1852
5423
1505
5921
9877
2398
850
1402
4913
8812
3762
8028
4028
8958
3633
4943
9227
390
7682
1030
355
8140
4596
5216
5312
6351
8479
5766
6686
6030
2513
8076
8136
6297
6036
512
6793
8551
9141
7186
5379
1666
4598
5602
7685
256
4897
5226
9293
638
8829
1748
8811
24
838
3539
4611
2751
2806
9668
5974
8071
7189
7929
4402
7463
3565
2502
2153
8863
6685
262
5337
8592
5235
3325
766
5910
2914
9551
9773
1373
1458
3753
5895
9719
2837
3777
7482
9901
3722
5144
7653
2684
5890
8636
8694
6801
7080
3208
9005
8759
6228
894
4763
2632
4413
8659
1386
506
2425
9679
2648
7628
4694
905
9345
10000
810
1483
2071
2401
1159
2031
7413
2382
3511
6090
8676
8180
7588
8214
4477
6033
820
1650
9733
5157
1955
4527
7757
3963
1733
1954
5978
8312
4604
3791
7795
8724
4624
1290
3969
7330
260
408
1640
1664
3347
9204
3557
5461
8947
5068
3229
4829
7386
3941
1670
6498
7718
3876
8355
9276
8911
4615
5103
8371
857
4263
3013
6698
9359
3779
9286
2986
4704
3564
7623
9549
2489
3580
5590
54
2960
7936
3859
4748
1434
3523
2833
7836
8569
9250
9434
4306
5633
6147
21
3902
340
3856
6678
404
6909
9838
2069
1690
549
8913
2274
7608
2336
379
3203
2411
3017
2552
8843
1311
7083
6371
5483
9958
5255
991
1506
2670
4548
5696
4216
1823
5480
7303
9144
3237
3408
9811
7015
5443
7284
4771
6335
7661
4109
4309
3155
3619
3639
5876
2673
521
876
5694
8744
7003
8739
216
6162
2343
1226
6330
754
882
6034
7404
88
9642
3782
5611
9971
5723
5767
7337
5504
5810
5563
9261
7976
8796
6250
2870
8472
8613
9801
2558
3888
5505
153
8684
1366
5977
1255
5072
6870
8725
8738
7131
7871
9344
2805
9051
8599
9087
7072
7593
8364
330
8024
9441
626
6105
9171
7847
5946
9504
6119
468
755
402
4928
6274
6479
7958
5410
6576
7931
3822
6540
7147
8603
8447
9775
3069
2555
806
8063
5893
6048
6569
2651
4325
161
449
2709
3760
8236
3838
7780
3194
3285
8301
2551
9635
349
6920
5057
1095
7665
8219
5407
4756
1649
7308
7883
3070
7139
212
529
5788
9446
9915
5759
241
4318
306
6991
2809
7416
8432
365
5330
1991
3979
3981
8776
943
1326
5326
3683
8127
8757
9715
5664
9379
732
2939
3157
960
7904
7126
9573
5462
7535
996
1781
2087
1435
6930
9924
5305
7662
955
2682
6132
7086
29
2592
5838
1612
9471
6123
9874
9928
2889
849
5050
2391
6608
1907
5807
6942
1590
7167
8768
121
4240
4469
2176
9402
2435
5960
8787
7841
8852
1099
3443
4349
8706
3968
7595
7759
7384
3277
3446
3776
744
7009
9229
688
8123
7490
542
7266
9295
7273
9020
7409
1071
2795
1944
7013
8196
3982
1760
1807
335
8610
6494
560
7636
8156
7200
9015
5393
2509
5242
263
488
2373
7210
8081
8112
5715
9882
2534
4268
5623
8216
9080
4407
7713
8802
5498
3158
712
6151
7281
9225
5178
7714
8457
9709
8421
66
6001
9487
1015
2924
8025
4134
6901
169
357
2815
1062
8245
8289
2142
2040
7069
1133
4677
7288
5919
917
7996
1587
2831
9453
9479
3980
3334
5469
8182
1441
5660
5081
3691
3322
3957
1063
4115
1961
2652
5439
6084
9241
5140
5775
1619
8511
2747
8656
9328
9515
4977
4512
5251
8124
1717
7036
6691
1285
7398
5241
5787
5260
4013
524
7819
4135
86
3867
3623
9776
2321
3409
3840
3905
780
6949
2928
5988
1470
4903
3594
6609
3246
8882
8612
6817
9271
2184
4394
924
1388
8529
3150
6992
9582
7675
9861
6019
2397
4751
7966
5091
6077
275
6130
7790
870
3161
2810
6049
2107
6326
4955
7159
472
8061
413
2719
2881
8877
7264
9415
2835
6815
7305
733
3848
4663
3332
4593
8792
8166
9921
3640
6503
2057
2937
6521
6876
7978
6042
1158
7530
601
4670
4449
7475
1572
2406
3250
4824
6101
2222
8325
8723
2233
9088
5727
6008
6073
4057
6213
1180
7791
8736
9670
1272
6111
896
7712
7991
2229
2210
9146
6225
4972
2173
3096
6650
236
869
1573
7859
4765
563
2820
4430
2293
7815
907
1960
2556
4072
9844
1493
3002
4077
7056
8963
282
919
11
997
9010
9177
4610
9694
1149
1833
7099
7669
9291
6431
5993
1059
3746
2808
5054
1916
8860
5670
5355
5048
3257
4116
6985
8984
2127
2318
6931
8734
7813
8688
5429
5603
1558
9178
1843
3707
5250
2979
2933
6947
547
9251
7082
7251
2202
4597
7115
8731
1404
1977
6452
103
1233
2860
1570
7683
1636
6031
9819
2264
821
1502
2663
3050
3661
5314
1835
2161
729
4424
9003
9817
6859
8042
8590
291
1912
9079
693
1522
2429
681
627
7248
7599
3567
9290
3450
5500
145
1208
1557
5163
6296
5190
5115
2851
2079
2145
2148
3506
8701
9787
1896
9138
1266
5497
4465
3438
6986
5224
7471
8234
6302
8358
863
7739
8780
7627
3233
1006
5129
1919
2849
4871
4969
2699
4574
6911
5338
1698
5690
7394
2216
1887
1908
2095
6797
3715
289
5662
7246
4137
5610
2304
3319
531
1868
2575
2841
4721
6124
6407
3581
7032
8606
1577
6320
505
4437
5761
8164
1025
9280
7448
7778
3238
6744
7128
3428
115
3525
8640
9008
6423
7643
8435
3468
3650
5698
7161
7939
5757
8261
9134
1972
9009
2604
5539
8220
4311
7202
3514
4331
6882
6712
4798
2842
7849
8658
1994
6112
9427
1380
5092
6279
6803
9093
9781
1162
3749
5712
6424
9846
4781
5004
4277
9607
1613
2004
4107
5722
5090
2984
4141
7862
9355
3037
5528
6454
5574
2047
7492
2828
7619
8464
377
3220
2789
3505
6183
3738
7302
5525
5854
792
57
6582
2576
3542
4953
1261
7130
211
3136
2893
2139
9034
750
9647
3993
4600
5607
1445
548
915
1750
3205
6843
90
6989
2872
1540
6080
5652
807
3407
5272
1607
5805
3174
7506
7079
7012
9149
1969
7483
6397
1387
8402
2878
4038
1355
6677
8314
8285
9724
7411
3180
9914
1219
3692
4339
2197
2437
4443
9696
284
3709
1350
3688
6292
8431
6460
7690
3189
3469
4466
3906
5502
6255
4452
7544
427
1798
1547
2690
5019
1847
3481
5516
1886
4208
7418
1385
1462
8581
2777
5113
616
5000
3899
8866
3964
7783
8057
6854
8237
8262
956
72
6088
4676
2818
4031
9412
6701
9989
1549
7300
5088
5591
1129
7516
5521
3642
7092
7868
3213
9843
39
304
5553
5756
4876
6394
8480
609
1844
3040
5734
2053
3162
9153
6547
9303
2885
5419
6246
35
8552
6071
5847
2038
8415
9686
2355
2762
9113
753
1854
8783
6070
9698
7146
4916
7948
1818
6689
1732
2413
7992
1632
7638
5287
3343
6874
6892
8017
6614
4090
2484
7054
3984
2119
8961
9826
8448
8955
9527
9869
6785
1359
6572
1821
3081
3864
195
4714
5522
7247
8321
2955
2171
7657
6005
4515
7612
2687
4585
5900
2553
7464
7345
2767
2157
7782
8439
9282
8490
2942
4091
5274
558
2136
3946
5998
8041
9594
1334
7291
9421
1310
3274
7886
1454
1054
5018
8208
4274
6599
778
6693
4301
7763
4342
8799
398
8789
2074
4758
7362
8820
8893
9580
568
6013
7962
8263
1038
3440
5404
4384
6945
492
3202
6245
6010
3078
2046
8310
2968
7429
5835
3061
258
9258
1858
5579
1019
9461
2498
8000
2265
2816
982
4167
6427
7272
959
4628
8482
9666
8118
9184
9309
98
8857
3934
4147
7221
7432
8178
1156
9587
2940
3117
484
1515
5323
1481
8442
2650
8549
3475
1372
1331
1869
9393
1981
5258
7826
310
7981
1985
8304
6530
8060
3644
6055
4195
5293
8036
9219
6349
6886
3272
386
3588
9174
9605
5218
2754
9098
2669
2823
6455
8150
1356
765
4249
5746
9407
3397
4860
4261
9312
6328
7550
3975
5800
6091
9396
5930
8605
6072
5718
7732
7922
8582
3439
5150
6723
1565
3312
3590
5179
7888
5695
6420
9287
9612
9350
7889
572
9850
5373
2377
3669
7481
1641
8031
4182
6759
290
6603
2966
4907
8501
1705
1739
2091
3909
7832
559
4225
9966
396
1504
3938
8264
648
4837
6765
9638
1542
9791
5289
8241
9183
469
1468
5082
9038
9932
1190
6873
6990
9139
6590
9035
1728
3834
2080
1347
5394
9531
5256
6889
7642
7846
6179
7654
6708
7361
939
8813
9267
5067
622
1489
3414
6970
7556
9193
179
5358
4253
4287
7671
2254
2062
7112
5339
6775
3865
6157
2479
2567
415
2561
6894
3442
3900
5646
2929
3140
8015
5524
8168
7208
2874
8199
6126
7737
6629
4129
5431
1109
2253
7002
875
2995
2662
3493
4929
557
4682
8151
202
789
238
4455
6173
685
1758
9121
5872
6432
6541
6539
2214
7315
82
5125
6192
2918
8315
2541
3526
3168
5131
8655
71
479
4595
7067
4662
1177
2863
7726
7749
3235
8774
1376
1973
5487
6428
166
2049
8525
5693
2469
8389
2051
4883
8346
782
8969
6606
8534
9068
2101
461
5829
7684
9044
3531
4089
6787
463
3885
5162
8827
6459
7087
232
1253
8818
8297
5791
9042
3268
135
6504
8072
4393
7098
1422
3156
4122
8460
5134
5865
2438
8001
8718
9931
1839
2465
5165
635
7460
6958
7604
4999
6823
4356
223
2390
2788
7203
5059
6696
7998
8265
7674
8105
9071
8222
6828
7497
8191
9336
1370
771
1364
1711
9981
4678
7933
9403
4681
4209
9854
3333
9253
9880
7679
5744
6474
2259
6201
9654
3256
3247
2614
7942
471
5201
4054
1933
3193
7924
567
3175
1042
5942
7351
4565
7745
1026
9736
485
5569
5908
7816
7547
5592
2311
5331
1341
6202
901
1245
2612
6449
8689
5782
6978
61
5825
6500
543
1956
8929
2737
2983
6700
6641
67
7906
494
5343
4782
6085
3868
5016
6471
9741
4280
7075
2666
7686
295
8819
8808
5622
4524
3005
3072
1056
5881
5915
9000
1339
4509
271
2660
8244
1023
7986
1951
2043
4111
7325
9333
5231
7154
584
1136
4998
7833
9559
4522
8902
1734
2606
1307
2776
3035
5532
8817
392
1660
8104
8350
2405
4337
2476
3522
1183
2711
6318
9870
9662
2096
7207
2207
2784
8134
7078
986
1802
5804
6118
4310
3196
5435
7954
4868
5370
6705
2674
661
3817
9249
6404
5142
1316
9418
3012
3750
7044
9218
1782
6469
4850
8772
709
9948
7058
7166
7366
9783
872
6948
9564
7710
8800
4626
2786
4651
5772
3165
5684
1785
8392
4458
5248
9473
6672
4259
5095
2640
5474
1948
3173
3613
5155
7231
7233
453
757
467
1175
2102
6562
7521
8240
8463
4372
4874
9236
6904
3110
6152
9853
2179
2493
7149
2596
9383
4811
2817
4947
4162
4297
8159
2518
2564
2192
5194
1510
5061
8722
1618
6528
8221
639
1314
2565
6384
280
6488
190
8815
5096
6965
5098
7193
7267
7680
1644
6128
8049
6143
5217
6726
9206
3454
5172
3635
3467
3574
8128
8441
7103
3291
6338
6898
9954
4100
7238
9732
159
9294
6108
4510
1915
2624
5546
6653
5506
3477
4294
6457
3239
5717
6122
7802
3545
4960
1142
5294
8593
4078
60
5867
2637
624
964
9807
5855
1312
6868
27
7932
63
5924
798
1729
4632
6476
229
6493
2255
5567
7499
7328
7977
3502
5119
2325
1975
3720
1411
2704
3092
7909
407
4902
2449
1694
8894
698
6062
2588
4065
8758
8892
1524
4503
4980
5597
7484
4243
6232
7600
7633
2111
7370
4351
7561
1330
2086
3994
6170
5186
8054
8186
9899
4194
7676
3508
2846
7250
9124
7913
8704
9037
458
2739
538
9644
6233
7965
3742
8968
2713
2166
4283
253
975
5685
3433
7769
4668
722
4968
6369
8130
2753
5687
1229
1647
5233
3178
3889
9764
976
555
8010
8368
1028
8513
3725
6556
9055
5277
7562
1957
7528
1279
2886
8994
4971
2114
8385
6203
7585
1144
3182
33
1819
481
2007
4885
148
8376
3149
4239
1763
3107
711
2431
3057
445
4327
1605
2827
5514
7215
4545
7379
4300
4418
9784
6363
2628
7296
3972
7631
4058
7555
189
3978
2887
5075
9094
9169
4438
1905
9728
4126
2246
7282
8445
5631
9324
3226
833
5491
7569
1600
5325
6006
9758
9953
3009
1289
7220
9194
7320
3371
8548
3846
7607
1146
9519
2627
3512
5062
1813
2477
3801
8928
1320
4519
7310
2857
4329
5158
2370
8503
8804
1322
4000
6412
3381
4661
8849
1306
2058
6187
8418
3577
4127
5630
127
1545
8491
3723
4024
2198
4779
1789
2380
7548
8200
7764
931
7160
7239
1633
4922
1220
3197
2169
2527
1243
7428
7650
1722
5328
4619
234
6021
7698
8013
6999
9905
7971
8446
8455
4706
391
9152
285
4001
8840
4538
7967
2954
5123
9944
7853
2695
6687
9933
5398
4302
4631
9524
4149
665
4679
5205
3288
192
1872
4174
7285
5629
1699
5943
1284
1910
4643
5739
199
692
7184
610
9903
8290
6774
6007
5803
3582
9632
9385
9917
7106
3789
4399
6257
6808
893
3811
3479
5812
565
8915
9200
2987
47
3295
7706
6249
2483
6234
3466
6327
129
5562
7999
4567
8644
8671
3138
4741
7142
9481
2008
6526
6640
6518
8096
9929
1894
4236
213
8029
748
9881
311
5303
7125
8824
9534
8887
2103
2291
2035
8058
259
269
7810
6574
1830
5071
7984
8650
3892
4068
6354
2537
5953
5606
1848
7369
3317
3579
4271
7102
3419
6531
8022
504
7321
2143
5780
2134
851
3951
4039
451
1110
9786
8878
9494
1064
9240
664
8596
2456
718
7891
9384
2065
9821
6924
9884
2978
374
603
608
5523
5880
4898
5005
9090
8487
9986
5195
3394
3854
4932
7352
2853
6287
68
3365
4788
4915
5030
716
8005
8243
690
9442
7852
774
4062
4994
7618
1563
3726
5909
9405
4734
5336
3127
1066
4177
1442
3898
198
423
412
5560
6837
2451
3339
7237
7446
8009
4532
5077
5639
4155
4551
4981
7462
8867
5112
4861
7441
8856
8995
4863
5481
8021
7736
4553
5035
9072
2230
629
6329
4627
3316
9858
1937
589
3638
3829
9521
1738
5117
7421
4101
4146
4340
6826
4649
6174
8983
9188
4059
4496
6675
5143
9105
9292
3421
642
3851
8619
2279
3734
8751
9655
358
2443
7869
971
8822
2932
6748
8654
921
1221
9774
2267
9447
1756
5304
615
6272
1051
9965
9646
4659
1274
2578
6719
741
3087
9053
4323
8122
4733
1909
6658
462
1011
2363
2570
9676
4609
511
697
1777
4454
7580
1754
2378
4434
9475
3790
5043
3356
4151
9541
1803
2896
3538
3575
1405
4479
5467
2312
9501
5779
7364
6867
5753
2286
6857
8526
1397
6400
5714
7290
5989
736
7141
7374
76
5697
662
3496
1448
2115
1473
2958
4362
8747
6374
7956
3718
5270
6516
1615
9148
9864
8828
2338
3364
5951
9816
4367
9629
4265
2070
97
2679
5551
2919
2144
4299
7427
8100
3616
4070
7646
7830
1920
2121
9499
3958
6303
6597
7148
5028
8935
4459
9410
7283
1078
3689
4176
6069
4324
6881
8845
3097
3355
5036
9681
3060
5079
6484
75
6291
2970
1575
2636
9123
50
1643
6315
1287
4377
4571
5680
8459
3359
220
2989
3484
7043
2277
1574
8622
2199
4067
6953
22
5154
3076
4820
5432
3378
1630
883
3243
1195
8462
308
9555
9308
2517
3388
6525
9972
1831
3105
5276
1252
1683
3441
7197
7598
4992
8161
2261
5354
9214
541
4330
8906
6831
4359
6387
1313
9260
1996
9432
7434
1925
5176
3697
6306
8702
1077
6647
9685
143
1625
6893
1130
4033
6208
7792
1430
43
6269
7371
2441
6275
6406
2694
8742
3146
6509
2116
4717
3599
5128
5456
5641
7606
8393
637
1047
4599
9822
80
508
9029
3153
649
6522
2540
8253
2867
3609
4652
6745
8728
4048
3062
3569
3667
5333
8331
3209
4703
8618
970
443
1797
2744
1716
2590
3684
3610
1348
4132
7340
5886
710
909
1685
945
7866
8395
4840
5661
2345
2771
7920
9990
2677
8870
8872
6657
2155
9575
7222
2523
3027
5971
73
1343
5726
6324
1
6136
4422
1201
6619
6816
7572
966
7768
4224
6015
7174
5496
7963
8384
5365
2396
2898
9828
6450
2803
6304
4933
1161
4049
4103
8733
1611
1393
2505
2993
2969
3402
7461
9419
2077
1997
3495
7597
530
2976
4423
4823
7840
3262
9445
3807
3953
1548
46
5702
1303
1277
2110
4447
8835
1369
8713
2533
3289
5852
9489
4296
6468
669
2098
2514
9616
2177
7970
1675
5484
4191
3264
3376
8642
3527
1485
6679
9830
910
8045
938
4206
8973
3681
4262
9031
4698
7818
958
4025
5403
1216
1482
8189
2424
4481
312
1751
2131
7503
9228
3491
3676
8188
6792
2188
4799
4245
5042
7673
9922
2299
4780
8133
1958
1298
373
2381
5503
8785
338
564
5366
6829
6809
6393
5877
2800
3757
4508
4684
5049
2855
5676
9348
9223
3134
8320
455
5892
1087
6938
847
7885
536
1507
6178
1978
8924
9713
8714
7828
8162
317
2507
7424
7408
6645
5643
7412
9618
1275
3825
6056
1672
1688
3814
3754
9234
5987
8357
8631
720
8300
8992
5193
4715
6284
376
1327
6182
2204
8086
8899
5341
8623
196
7570
9906
2550
7136
7602
7993
9552
6244
4693
5060
8506
726
1608
7249
5745
8648
9661
6480
9513
2794
6621
6733
8510
5468
1576
6388
3144
3344
3775
7519
5916
9331
9569
5808
2257
2629
9672
5014
5149
1143
6210
9659
1092
6813
3338
6495
8227
4226
3261
2439
1127
5009
1157
2234
2626
3294
7262
9927
6738
3126
7116
3690
8574
2295
6336
6050
235
9325
1358
2383
6941
9172
9657
5537
1074
4482
7937
4368
9691
990
1440
5472
4552
5011
1294
2045
2245
4037
2213
4484
9391
482
4023
973
4150
6401
1490
3540
9604
5600
7066
5730
2458
4071
1974
7007
574
3453
4212
9330
8340
4344
2394
4066
1508
8760
3452
1079
8326
1148
9338
4630
9187
6602
3411
5228
6766
9994
6441
987
6905
7071
8901
4802
7363
9026
3920
4635
6439
9343
140
2723
9945
5437
9135
6972
8284
1083
5478
3321
5647
2032
9126
6939
9507
4518
7417
7372
6729
9408
3221
5288
7465
2180
426
2366
272
3503
1897
2106
6566
884
2613
4273
7624
2582
4136
389
5706
2421
3004
9940
9315
8292
4282
6348
9633
7245
9070
8886
5120
5438
9977
1946
9390
6131
7257
895
4205
1394
1616
5626
1203
5400
3142
4467
8907
908
2717
2738
3167
6508
6379
8735
3939
6669
7844
7447
2307
5299
3837
2792
1893
2356
3510
6086
3515
8450
5188
6360
8088
9590
1004
4853
4041
1413
6651
2528
9995
4291
8138
4633
1759
3204
8905
9983
9433
2156
2671
7008
4161
8408
2037
604
2475
1267
8317
3483
1771
5169
2063
5240
1497
9299
7794
5234
1939
4899
8050
1337
1709
7587
8287
498
5108
3403
9622
1173
1744
1022
2322
4797
9648
7442
8807
2455
9742
4219
5281
646
9386
9517
6271
8565
4958
4650
6278
2766
6334
8251
9919
2787
6932
1661
1186
6628
2344
3665
7226
8291
5380
723
4446
5995
26
2118
3871
8869
3043
6865
4371
9045
5180
5544
5031
4464
7175
3806
8334
3387
5415
6617
1552
5903
2563
2300
9581
3424
7982
7018
7663
9567
4483
4818
8116
9242
9797
1796
5191
7845
9417
3269
8616
4376
5765
4336
7467
777
2508
4017
9480
5550
7949
1879
2593
5457
6376
8338
3042
8708
6548
3913
6549
4417
5858
3064
3218
3925
5621
9837
8282
2076
3457
4462
6707
4712
5332
3265
6607
9097
5352
2019
180
5806
7006
6240
7701
303
3658
5106
4713
125
3118
6332
1318
7941
9579
9836
1242
8585
5114
6724
7344
503
2997
2611
5945
9634
1851
2892
6267
6683
4809
8449
7199
7286
8559
2362
3694
9697
6627
9078
5329
7672
1727
5986
5167
3798
394
3241
9066
4047
817
5796
3764
4009
1753
3306
5636
339
734
7545
7990
8087
3324
2235
2798
4892
6537
7928
4806
5033
1602
1882
4909
9578
4894
1516
175
8919
3392
4139
1199
4640
6648
7277
8444
8562
2196
6142
6341
9112
2944
8046
2524
4864
1014
436
6259
154
2801
8352
34
9277
3604
6850
9536
5454
2573
7748
9454
6860
1999
6413
4986
7377
4727
9839
4256
4073
8523
9285
9313
313
713
3566
4036
3862
2190
760
8663
5145
556
3847
5284
2962
7425
3094
6613
8853
3713
4511
4938
6102
3831
7945
2495
3124
4086
2430
4203
8434
8837
7326
7375
8492
9947
3091
9470
1227
9268
5644
8488
2725
1268
7921
3121
4144
6717
6040
2474
6577
1342
9354
8576
7552
1072
6127
6487
9058
460
4055
2830
4478
6812
4570
5728
5817
9851
590
5381
5716
128
3270
5093
4775
8748
1687
4105
7696
762
9180
5882
1525
4118
6154
3255
7359
9096
4577
7903
3576
4690
9205
7559
1237
2947
6840
3973
6266
187
5769
6206
1677
2848
7864
8936
1610
1862
7776
2414
764
9752
4032
3877
2349
4844
6346
2643
3007
6064
5308
4391
9085
4796
8092
1449
1495
4242
1959
4087
5869
3248
9720
2959
8797
3464
9700
707
887
1197
3456
3649
889
8493
3082
3490
9145
7260
7350
9327
4875
5034
5760
1196
9468
2393
1091
5351
8458
89
7491
8333
6238
2285
3463
8466
9930
7117
937
7157
5827
7856
7637
4815
5701
6694
1024
3014
8691
2497
5215
3608
8121
933
9099
9380
6981
5771
2036
6357
5857
7000
1983
6973
5710
7022
8717
3556
2470
5743
6814
1466
8250
7085
9562
4346
3358
3517
6758
8587
6890
1809
3018
4008
8844
4516
7582
8672
5688
7781
8034
114
2221
5286
9167
197
974
4192
1603
1814
2471
5246
8703
891
3046
3627
6220
7953
8424
3473
4995
496
3077
3620
4550
4269
7681
1476
6158
1193
6849
2252
4142
7658
4183
4063
5934
3903
5460
5823
9883
1131
6107
8486
6133
9319
9593
8966
3276
5926
7165
204
5070
7216
7498
8053
1069
342
845
5203
6325
6789
8916
2042
8278
9897
6830
7601
6381
395
5530
126
2625
2480
5509
5764
2316
8726
2925
7542
3132
8177
233
5982
6496
1855
2649
5783
1150
3904
5027
9717
4307
4332
5868
6224
9503
1052
1067
1367
7358
6106
679
2347
5527
9514
9406
6043
4333
6937
181
1706
7455
9462
1989
5672
1725
8375
2946
316
1447
1260
9962
8625
2082
5021
3217
2205
7162
7348
2023
5477
9936
579
7124
7135
9842
7275
9064
2154
4348
7959
459
7229
5344
5811
9310
6366
7349
8803
3966
2305
5542
580
5843
4936
4343
2856
9372
9598
124
6331
5296
7224
7571
552
9606
7145
4816
7700
7731
6026
6314
9322
675
9652
163
2241
5918
8989
676
1409
2426
4849
8478
8666
4487
1096
7151
1710
3348
500
5691
6481
2888
3326
7276
2584
278
2646
950
1384
8465
9960
3634
8683
546
5414
8553
8356
694
6692
8981
575
9630
5459
6117
9130
6063
9430
3955
5741
6435
6565
7955
4984
7751
2768
364
2407
1418
6851
3305
4601
3815
4404
5102
9435
3067
5446
7910
8351
8668
3374
3494
1943
6654
9767
9306
8948
1631
3756
5549
6399
2238
6473
6681
8212
1009
3025
6337
6711
7190
2315
327
456
4293
3422
1990
1247
8
2755
4435
6633
9565
1498
1678
7504
9976
6872
5566
7715
9978
4433
41
677
673
9202
5282
8502
4689
9165
715
8809
1638
4379
4007
878
9747
3870
6176
4801
5280
7659
756
1349
4286
1768
2520
8908
9389
2708
962
4354
6310
670
7995
8336
5604
1494
1586
2117
5463
2538
8563
6061
8509
625
2360
7204
4448
4079
8505
2001
4586
6254
5548
2314
7048
1652
9495
7532
1234
3034
7419
7577
6757
3666
7474
8579
6448
208
4918
5198
6395
8850
226
5707
5961
1207
8406
4056
7470
7540
9128
607
1982
9602
1936
1995
9275
879
1053
5196
8427
9574
8918
325
4842
4974
2152
4985
7610
9273
1963
4707
6933
7495
8354
9207
5896
585
6446
7961
746
1128
4954
3772
3721
7823
4500
8627
8727
2598
1102
2010
6344
7536
4169
4687
1928
8987
4178
3119
6478
651
667
5708
9102
599
2078
7729
6120
7436
5239
6925
8632
5736
1479
4231
9699
8695
3145
6722
1057
3570
2298
2765
3841
6558
106
8522
4747
118
110
2412
7138
6668
2638
5931
2284
281
2275
353
2743
5427
9904
6286
6392
112
6667
2354
450
497
2048
3826
292
2014
91
7514
23
165
5922
3597
7331
52
3844
7171
160
1527
8267
9013
9154
6552
7338
8202
5510
9142
8345
1105
8716
3232
1280
6664
288
6695
8374
8308
3390
9189
5609
4834
7911
5820
9554
6216
6313
9256
2930
9825
4989
422
606
319
3773
1007
3673
7051
7105
9762
2692
4808
4940
3874
9147
8573
7119
4403
6922
3455
1198
3670
5170
9855
7091
8712
507
9546
781
3890
801
7728
3996
8407
911
406
3227
9374
1139
4594
9996
4507
7094
8700
9798
2672
3084
8667
37
1460
1655
2099
7150
8737
5066
7396
8629
8014
8898
5901
7049
9533
6910
3044
5948
7318
6277
3166
8003
9497
2574
5452
3759
2194
8570
8337
8821
1881
8790
6755
7218
9109
120
5466
9544
4285
3207
6747
5074
5529
351
1114
3236
9859
6519
6373
2124
8008
4081
8475
9913
2796
9701
7042
9298
3700
5010
5265
489
4529
3833
4845
2698
4043
8305
8436
7309
1012
9687
6957
7034
3331
3304
8677
2149
2951
9984
8729
8990
2436
6491
3578
8139
9378
1583
5878
8043
7381
9860
4826
8979
1248
3593
2025
3682
7934
2376
10
8816
1746
1336
3612
9542
8400
6163
8839
4247
1899
7045
7801
9335
1346
1765
4395
8868
6551
9081
1889
336
4133
1474
4965
9474
1541
2073
840
7583
1135
8784
9695
1503
6594
5268
2215
8533
2128
3705
9585
9690
3192
3632
7206
1170
3544
4175
9664
9563
9493
1354
2313
4776
1086
6553
1562
5387
6841
7867
4355
3293
2371
7707
4094
3267
5936
9641
3879
9973
1200
4276
8589
9571
9621
3147
4622
2936
6545
6422
1609
7578
7798
9603
3653
4486
4168
5206
5997
8673
1046
8205
3962
4792
5965
6728
8982
1295
5884
210
2090
3944
5175
5929
9032
995
2715
9893
7531
8172
7960
5598
7898
7908
5543
5944
790
1513
2667
4607
1125
8145
8242
7524
4705
6440
231
1762
6340
6402
5267
858
6433
8920
3861
1176
1684
9420
9680
684
9810
2399
4450
5391
5826
2615
4405
9556
1459
9673
8864
4832
1251
8997
2782
133
2763
1657
6615
8225
2333
5375
8975
1856
4952
8884
3073
7761
9911
9792
5159
9656
7522
8762
5318
5420
3133
3447
9460
6715
8580
5898
6047
6835
1637
1659
9682
2093
9052
2700
3141
315
2452
1700
1883
7835
6984
1783
1475
5907
2536
4889
4539
5471
7037
7914
816
4396
8027
4392
523
7666
1921
1976
2812
7280
900
3280
2260
3184
8903
3513
385
9745
6002
8109
9233
9610
4232
9190
1646
7227
8165
329
9269
2668
4222
2468
1594
2999
7270
6532
8743
1561
8120
2372
1037
1723
3177
8937
988
1634
5369
7656
6039
2733
8099
6426
8621
3045
1390
3647
9252
9918
7873
6235
7104
1838
9198
5914
3405
7316
9466
2736
6078
9482
634
2706
3487
6652
881
2085
5897
7895
8101
1592
2418
4040
6575
8752
6563
9727
3068
4576
8859
8542
2066
3299
7342
8179
9660
2463
6067
7052
1027
2496
5349
7230
8577
4697
1297
6082
3895
9108
4793
4235
837
7915
9232
4020
4304
9658
853
6256
8149
3824
6175
9677
1256
6580
4080
1628
5086
7564
6916
3349
2081
912
4921
1185
1396
7373
3106
3736
8786
8369
2379
6786
8628
6844
9572
4334
2750
6035
7068
519
1930
7510
9243
2310
2926
3998
8347
1820
2018
4097
6891
8106
9438
6846
9508
4010
8524
9163
8198
706
1192
7880
7964
3770
7438
7346
828
5455
3301
8709
9637
8891
8895
2903
4019
9925
162
7292
2217
4572
7420
5790
6988
8226
4957
6502
1061
8721
855
7101
1328
2586
5470
9818
3222
7554
9991
5335
9199
2409
5899
3603
7343
6342
9062
5732
7756
2902
4575
9547
174
1606
7431
3805
3379
1806
4667
1790
332
3630
8398
8652
3804
5110
6929
2952
4347
4851
4085
7787
7546
3813
9211
8711
856
6996
3415
2342
888
8626
3308
9302
4397
2162
8699
2854
478
9703
5221
8923
510
829
2212
7487
1845
4753
1281
5177
5991
5350
2793
5785
334
9244
5699
9782
487
6902
2547
5663
6464
2446
7217
5441
862
3586
4946
3047
6848
1417
6956
3675
7307
8507
8601
1691
1425
4646
9772
3708
4432
1890
9766
7256
689
1792
7752
8468
8634
4535
1962
7122
425
6299
7721
2941
699
739
435
2041
3784
501
2209
9448
4204
5795
7057
5433
4976
1662
8761
4264
8922
835
1204
7114
8335
9304
1892
2499
8633
1076
7293
1119
6229
8113
1090
8753
4879
7872
9888
3985
2696
5770
6676
5507
2146
2389
9161
8089
437
1668
6231
4474
7766
1477
2522
2227
4746
5818
8451
9992
8932
3703
3781
4814
8657
3794
6895
3373
361
3778
8035
4185
3614
7324
8126
9143
5554
9054
4520
583
2440
2920
8481
4153
9560
6630
957
2542
7779
2178
7327
8322
2909
3056
6409
8653
4480
6355
6198
7879
8425
5887
2757
1595
9491
3434
6636
1721
4696
5675
2228
1863
1808
9875
7392
9734
9398
2834
3802
5283
4731
5402
9076
1080
8367
4363
8323
1048
1571
3716
5654
9424
8433
9496
3416
5405
3672
6782
2891
9414
9968
9779
7994
5813
2016
4742
6221
8588
8681
1013
4564
4370
5809
4228
3259
6943
695
612
578
1924
7378
5692
5458
1874
3003
5836
4374
3965
7312
9970
1923
4702
9429
6524
1286
9946
5994
7453
1530
5243
8141
517
7596
3231
1673
3997
2112
7925
1100
1715
6408
8530
5860
3671
480
9301
9848
4353
3041
8483
6980
1116
1696
2250
3907
3745
5182
7905
2283
5448
4523
3429
2549
2880
8281
1938
532
8617
5063
267
7621
4888
9561
9613
868
4789
3287
2535
3122
8484
3911
4669
2434
3763
7581
7039
903
8401
9955
1599
2571
409
5136
4654
5768
5581
3820
7063
3001
4736
6165
948
7626
8512
8660
9706
1098
3532
3882
6838
6535
9553
929
2802
3595
6655
9409
6523
7753
1301
2059
4380
6343
9221
6741
3437
3832
5656
6438
1488
7855
8527
367
3534
6513
6000
3917
3788
5533
6776
3991
7539
8540
7023
9458
2858
3765
8324
2585
9942
149
6538
7090
9722
251
5911
2167
2348
3351
8515
9909
3795
9516
5262
9611
9967
8211
2691
596
3529
4248
7677
3492
1681
4117
3852
2619
3659
8348
928
4930
7088
8160
1443
3843
6993
5160
8940
2494
3271
9107
1509
8544
953
3793
4270
4744
6998
6097
8044
545
1003
9626
3000
139
4326
5385
5127
2607
4530
2160
150
4188
6783
8064
1309
6029
1952
6
5577
9016
7831
5906
9155
424
4784
5247
8518
4502
3486
9373
1519
4556
7459
2239
2368
8831
382
3552
4456
6009
6490
7875
4967
8498
4966
1931
2890
6639
6820
5045
3375
4082
9104
2599
7445
9834
3629
7800
3099
5928
4163
4230
4956
1865
1929
2506
354
2990
3480
3987
3680
8661
2602
1556
3386
4439
5040
4499
3328
3950
1663
5058
3537
5494
1113
1391
6444
2410
3498
5617
3090
4473
438
2262
9272
620
5540
6507
96
4833
5913
5051
5434
5973
3563
5586
7212
4549
740
2864
5347
5444
168
1639
5725
3660
7505
8470
78
4211
6219
3710
6347
9663
3125
867
2879
1695
1224
9237
9425
4847
592
5513
7164
3516
2769
9484
1428
4822
2781
7629
5605
1828
12
3863
8422
95
2454
4267
9820
717
7969
8272
2503
4202
9329
9431
1238
7591
4002
7589
9829
158
925
3330
3470
3869
7021
4993
252
5166
4419
5008
6169
9368
3340
4873
6172
1018
769
7173
3100
803
7655
9270
381
4728
8607
823
6736
7946
7399
2934
2608
3884
1749
8171
6878
3797
5013
6322
4910
5673
8204
3430
570
5596
8754
9060
9674
7912
7061
3327
3615
2020
6164
5362
5094
2910
8957
8184
7560
8586
9808
7458
9449
5678
9201
6604
6756
2013
4095
586
611
421
9413
2560
1138
8173
6585
7401
7584
1965
9721
8094
940
5583
9017
1764
18
6222
6305
5261
7746
727
7313
4634
1816
7807
1770
6261
1491
9591
1624
2911
4138
6788
1362
6281
7511
4764
7062
9117
3850
7575
9084
9620
8876
7298
9007
132
3211
7538
7380
6276
836
3853
2024
9150
410
7259
9684
359
3771
3485
3785
4738
7730
4076
3412
3803
4996
8257
9650
9891
2330
6862
1155
7335
6960
7500
8080
1065
2172
8546
2710
5950
1840
7744
9030
7901
7
2685
8604
8897
7185
491
184
7719
5085
6074
1338
6294
8206
8516
9570
2773
9110
5781
1934
7865
3621
9795
5763
6903
7011
8270
1801
9321
1319
3420
177
8670
2601
8834
5830
5841
6912
4366
6515
6777
2319
1891
495
2579
3020
9436
7354
7360
6386
7641
4292
4428
4158
7693
283
2659
2921
9314
4521
4030
4298
5041
4749
5850
430
7771
3992
2472
3500
4305
7182
7796
6323
9813
3006
1708
5653
8794
2620
3866
6784
4982
3320
3830
9297
3103
2329
2340
7860
8555
3823
9255
8090
1702
6560
9404
4124
3701
1073
4165
4460
2742
4409
5447
8680
4772
3628
6398
1212
6167
7806
5747
683
914
397
4812
9949
8411
4528
9490
8217
9956
8030
9050
1225
3589
6944
7110
8158
6731
8378
2971
6699
1546
4083
8926
7537
9712
8978
2655
9465
6735
9910
4358
9751
5422
6908
5055
8012
8110
2907
5534
155
7520
5576
8630
5047
5625
2727
5273
6482
1205
5885
7507
696
2633
7329
1911
5963
6114
9831
5599
8873
4390
5486
7750
2130
5777
7143
1292
9019
9024
8183
3190
2780
3651
4457
6632
3693
2714
4288
4923
8412
2647
2847
5640
6620
9777
3744
3183
8946
9140
9363
6802
7930
1228
8452
2276
2957
8914
452
2935
5367
2218
9979
6396
4234
1500
6060
8556
3558
7811
2244
9091
431
935
1353
9794
1184
1020
2681
5315
6975
8977
2557
7808
9289
8082
6204
819
7502
8023
130
8651
6372
7333
8777
9036
4924
5425
7741
9182
4180
2577
8256
5397
5902
8174
2526
5970
1232
6316
5615
1456
3353
205
1861
2309
3448
6466
2331
337
3363
4755
8195
5832
5905
3748
6725
1187
3591
9878
8788
1145
4917
3307
1436
9176
193
613
2105
3796
9101
3368
9824
3406
1620
3989
393
9132
9678
2168
854
1581
7040
9185
9750
1178
3607
9455
1950
9746
3605
4870
309
7153
3541
4170
5954
7242
8698
1117
9951
4866
4338
2428
4471
3524
6023
7634
4003
5107
4926
4711
9230
5229
9125
2580
6739
9907
4220
5275
1719
2270
5637
151
4729
4927
7019
2512
6375
7611
3053
5406
3460
6721
2256
1979
9485
9619
2109
8276
7468
9318
4591
7613
5721
8142
2657
8230
7944
7486
3550
2083
4939
297
5111
2876
5378
6184
1126
1209
566
643
8558
1867
8075
8079
6643
3472
4891
6339
7605
6527
7817
2813
9963
483
4544
6754
562
9796
8690
7695
3104
3154
1085
989
8861
4740
1769
7089
8370
5192
3747
6144
6037
9069
8810
9437
1194
5342
5396
6750
3024
5589
9428
6794
6215
8108
399
2248
4869
8477
773
3275
8825
8665
7236
8855
2290
2395
2639
3921
9802
3637
7001
5495
614
8960
1089
4414
8316
2716
8152
8327
2287
1521
1642
3835
3842
941
2728
9530
6966
6052
885
9288
5383
1653
3113
1841
6129
1041
5310
5842
8833
2352
4950
9224
6806
4468
7760
326
4052
9617
6096
7829
8888
2467
3618
4099
8266
109
305
4364
366
5121
2486
9856
1132
3730
9740
6022
6926
7625
2369
8163
6195
7028
5565
6196
2280
6499
3055
793
5219
5947
7927
1568
2525
8517
7176
983
8167
9725
1539
1788
2491
6994
2688
9505
2656
2832
4620
5874
534
6781
4536
3116
3910
5720
7263
4644
5889
2824
795
6589
1998
3449
8329
2002
6442
1206
7899
7356
8181
380
2022
4625
1088
42
8246
323
444
9583
6300
8430
1645
2675
3606
9793
6308
8826
7479
1487
8394
5508
6753
918
6417
4514
1104
7947
5981
6796
6038
244
1122
4732
7968
2481
7188
1787
972
261
1629
3521
6362
8396
4819
5923
7617
8964
9263
1223
7549
7084
8387
4498
6489
6780
9239
362
4745
6825
299
1601
277
4321
5156
6467
4660
6959
7258
6301
7950
4140
4606
8764
666
2658
333
9001
691
1293
7376
2151
2447
1141
7041
1805
4179
7407
3286
4233
6631
1147
7223
7734
92
9323
2422
6103
7740
1932
6593
1940
7426
9220
4760
4718
8074
5372
1871
859
6983
8176
1278
2569
8508
9186
2223
5888
279
1050
1692
9279
1900
113
5295
7874
8675
9209
1730
3596
3598
5003
2746
1701
6283
9985
2963
6003
6598
5667
725
217
8085
3497
1270
7170
4114
4398
4836
1773
2159
6512
7727
84
7747
3912
6936
980
1174
8770
4223
5097
785
4064
5750
6113
8283
3033
8095
7907
3766
4187
6093
7857
8620
8766
2034
6263
2460
8019
6477
1970
4653
1559
1964
5023
9467
902
5424
8561
5264
1714
2545
4979
6798
350
228
1258
8740
5007
6226
4770
7234
9857
5711
6883
31
979
6140
7132
6012
8228
1922
4198
4906
9074
6819
7107
9106
9065
9231
6058
5526
6115
1621
4199
1580
4237
8741
6295
6501
2605
9175
2416
1034
4877
3668
9665
6982
4588
7494
7765
2384
499
2056
411
6570
8258
457
1913
5408
3819
8306
3251
3587
9426
1514
8137
8231
1235
1017
4645
5742
5450
2492
5259
9095
660
6635
3954
5078
1742
221
1918
6767
5321
346
8107
8571
9683
3389
4839
7027
5089
5357
7332
4934
9158
2861
246
7456
3089
2335
4060
5969
2840
1724
5253
2242
7533
587
448
65
9653
6437
6453
3664
3370
4858
9768
9557
6288
3561
3990
352
5442
650
5377
294
1406
4098
7365
2905
4800
3971
5571
6618
4289
5252
7334
6568
270
470
3711
5499
9950
581
3137
3812
3361
8440
8453
5356
1472
1585
6236
3214
6546
58
69
2752
8495
1400
4675
5124
6533
9451
371
2263
2306
4110
7576
8801
5814
4723
7469
7158
3699
6855
8077
4904
5012
1151
577
2054
5866
5990
6083
6463
2243
2931
3758
2158
8925
8363
1480
2531
9645
5879
7059
813
4618
7213
5101
6751
2367
2433
4113
2587
7518
9887
2705
2462
7414
9540
2269
5022
4786
9151
6443
5815
9726
1134
1329
2490
4719
9522
1171
2734
5531
897
9452
7383
5561
5839
8410
6839
8504
3652
7443
4722
8311
1591
7973
963
6027
9217
4666
9334
2992
8318
645
4217
5105
6227
363
1800
4189
5173
8083
7697
3519
4361
9576
4791
9023
1333
5200
5449
378
1001
3810
9278
2052
6656
3074
4973
5451
1222
7287
9235
9173
1772
4657
5793
8679
9895
6642
4959
9739
7979
4045
6584
6661
5935
3071
9002
4941
9671
5492
476
4543
9463
4022
4561
9326
1680
6265
8146
9631
8991
2150
6718
4688
3029
7029
1107
9755
1016
1230
9879
3123
6716
466
5285
8609
730
5249
1060
5087
2009
8343
5161
7031
554
5634
9388
758
6011
1420
3444
4316
4978
7278
6586
8349
2583
3404
3717
8646
9364
3702
9998
7485
8934
7861
384
1040
1469
4193
5409
5445
7987
4726
4
9063
4617
7194
5080
5146
582
5949
4046
2457
1321
5209
3559
8686
3535
9667
9500
3783
5390
6601
2917
4382
742
3740
1658
1160
7444
5941
9937
1424
528
4616
3130
4034
8419
3418
2859
4935
1432
3225
6258
36
702
1667
8377
2
8332
8328
8974
6475
7073
4445
4964
5966
2504
2998
7616
936
1446
7241
3129
6153
6352
4533
9926
1283
2749
7772
9456
4014
7670
9815
1163
6907
7839
5799
3465
4244
5084
8956
8006
8578
1426
5386
5118
3625
3942
4963
6544
6625
6763
1262
2187
2683
9789
5616
3601
5659
1971
343
2616
4526
6251
7055
1438
5038
2122
307
5873
6877
8942
8639
5751
6962
4821
9362
5980
6051
594
8643
6888
9835
5976
5292
3886
8280
2722
6239
6554
6578
9043
218
4035
2665
2862
8798
51
1534
2351
4421
3724
9086
2609
1656
9179
369
5
3883
4375
439
7178
8033
3212
9376
6646
9511
671
6018
6389
7985
8426
2539
3739
533
3109
3554
4218
2877
4884
7797
28
3010
5719
7784
9114
1010
2072
4872
276
8059
4752
6268
3315
772
6137
6218
7209
8157
7916
7252
9693
4184
9046
2327
4642
8583
9520
873
5164
1325
5932
9769
183
6248
7319
6046
1340
4900
104
3600
3663
7558
2759
9375
8732
2804
7304
7509
4004
8381
8052
4534
1791
721
9440
1826
7081
152
3240
8500
3461
4012
2732
6771
1947
2758
4120
5689
6333
4739
9092
5430
2236
8881
4896
7472
8538
636
2100
2811
8068
9902
998
8986
7708
4555
9586
516
7024
1137
2138
9730
9639
5199
7391
804
7850
2882
4197
454
2852
6955
714
9254
38
8730
7735
738
4581
6087
3787
7385
4757
3188
6583
7406
9716
8692
1371
1537
1795
7703
8313
1774
2600
1866
2332
3038
6768
4665
6611
8999
6429
7225
214
4970
5421
6616
1776
3169
9876
1884
5594
8909
1215
2693
6743
9669
2353
1360
5613
5208
8954
2089
7294
4777
1551
5729
6168
1240
9357
9809
1953
5979
1528
172
8274
1412
2741
6138
8365
1427
4106
237
2678
9898
8851
6212
6644
6702
9510
1140
2408
6230
4093
4562
4320
2988
3216
3501
5983
1825
977
6514
5875
3398
4505
9714
6506
2402
429
4828
7026
1745
4709
7523
6458
4431
9525
273
5939
5794
3767
7551
4021
1452
4345
2296
1165
6529
7274
5392
9156
2799
4638
5340
7952
9805
1408
8945
553
703
1068
7341
4563
7353
678
4275
1589
6262
9886
5436
3254
5290
8268
841
9538
1492
2634
569
1875
2572
5556
8223
1846
7038
9852
800
3643
9643
383
3023
2530
2991
4673
5109
5778
25
2203
763
3181
4573
5573
6534
5384
550
1836
5724
6057
7694
4856
224
6961
7720
7722
9827
1471
9022
9472
4762
2972
5557
7123
7289
3426
7789
2224
8970
7265
5052
5298
5754
9387
743
6659
1538
8846
5831
814
222
1191
6456
1374
62
7568
704
4988
4281
8286
3553
2385
7196
8143
5395
1671
9033
802
4761
6861
5959
7228
7232
368
3345
6211
551
7557
7664
2591
9865
123
9349
4674
1168
2302
860
2501
2697
348
7635
8048
6405
3696
5595
9111
1455
3800
4490
808
4442
1767
9191
3036
30
2320
1553
1877
8842
5665
9342
2967
2026
4658
9770
2703
7355
6156
8921
6714
630
3030
4112
9122
747
2251
5141
3323
9771
3530
4387
2247
5389
5677
1263
7893
8147
1935
598
2186
4737
571
8187
7592
5619
4710
6094
9248
4241
9047
5006
5985
2922
623
2200
4426
4795
9543
1775
3933
5204
4805
7758
7452
6193
1164
4005
4436
3252
8595
654
9486
619
8615
4880
509
4159
6160
9596
5346
9476
9502
9545
3936
514
7820
5704
44
9566
5465
3170
5700
4683
3656
8190
442
5032
818
3551
9847
2686
7651
2240
3185
248
6414
6896
7489
1535
2365
4671
5511
8339
5740
8055
5920
8880
3425
5992
6827
9900
8067
2282
9550
2761
7488
1713
4835
5984
3260
3943
7997
206
3300
5254
3088
3827
4817
7137
2064
2712
9975
16
5824
8155
1049
1747
6624
7195
3395
1740
7118
7951
8062
2359
2653
4238
2869
2949
9705
1124
3427
173
848
3366
8996
2965
674
3008
7512
1827
796
1885
2358
15
5227
6559
93
6089
8119
8614
3329
1799
3641
8912
3054
6663
9089
6209
6671
7574
5683
5735
5099
8132
1106
8047
2323
9181
9704
1081
7777
1381
7590
8541
4441
5904
6762
843
7842
3741
3654
8756
3114
3947
8832
9347
1416
7725
2104
2923
9137
1002
4881
4018
3719
3354
4843
9274
3413
4841
4411
7301
7827
3065
4602
8838
4166
618
6312
1623
1853
8564
1431
5133
5353
5996
13
9371
9738
2943
3058
1249
5748
9358
3685
6359
4720
1927
7120
7368
1202
3172
2548
3967
7035
1707
5819
8469
2760
9849
7527
2521
8765
1111
2175
3352
2630
2195
6054
1597
7422
1357
2029
420
8084
2726
2894
3583
286
1335
5578
7183
898
1467
8763
8943
9056
3657
5490
6805
7755
8944
7501
4257
8215
8341
5580
417
1569
4813
5278
6946
1315
6770
7786
9216
9316
1308
4937
4944
2543
2005
4578
6610
2050
4295
1276
946
2420
4492
3974
6032
8037
2403
1945
345
5482
8098
9048
3384
49
7177
949
2982
7884
6066
4807
9731
8342
4128
6864
3026
3253
4196
799
3048
1917
3536
5635
6571
8232
1878
6205
6810
474
3995
8194
9212
6382
4699
3391
4708
8303
9756
8380
8836
4154
954
1044
5382
5773
3021
2334
5104
6189
7004
6197
2012
5210
7935
9957
8537
8572
1463
2068
4061
8330
3945
502
1967
5171
3948
6200
9862
8144
7799
1259
3066
7476
5786
6543
4991
701
5682
9894
4143
4878
9381
6697
6917
178
4920
9592
9997
293
7097
94
4383
7255
7848
4272
1361
6749
8687
8471
2850
9332
7667
8847
9628
9845
6419
761
1217
1793
3059
8476
9871
656
2829
1484
7609
7887
2288
3152
8823
6109
7902
8170
1282
1501
5816
6536
7347
6465
1987
4015
7367
6869
6977
9952
8971
9083
8252
9395
8277
7010
1115
5345
7622
1395
3727
8600
659
9394
1654
7897
5792
7812
2790
1241
5962
8496
3039
3935
4444
8288
8386
3584
8056
3678
8814
8373
1837
7389
9539
866
3976
2350
5493
8669
632
6520
1271
6832
6919
6976
4790
7825
600
3085
7108
8344
200
4513
686
787
9636
6968
9885
3120
6887
916
4804
815
9577
7430
687
1421
2030
2783
7450
100
83
1860
6842
4255
7243
8972
6217
2901
4773
5301
7793
9073
6134
8420
1264
8696
3108
5703
5846
5559
7191
3828
3857
9934
7513
3093
1029
7691
9160
7053
4016
5440
9987
2055
7649
3372
4629
2341
2745
7809
7773
2226
8720
108
4785
2645
6592
2664
6462
7699
9923
3459
7774
3821
8697
5713
8293
5025
7387
6180
3916
7975
8069
8443
6436
1622
2623
4373
2610
2566
9506
1679
5037
7640
7620
6391
3436
4497
4463
805
6935
9159
3278
3507
4546
6795
7046
6954
9040
9346
274
1167
1779
682
6634
8554
441
5473
6974
5912
7711
8103
6492
3573
6863
5864
8051
1377
3242
8624
9210
2015
5311
3031
4637
5519
3568
4378
6223
8933
8438
414
7168
1291
4213
5026
5417
2897
3179
6116
3855
4664
1984
117
3151
6081
8904
3377
5837
171
9743
8279
2337
6510
6884
7400
266
2618
3999
7390
419
2231
3423
8271
3648
672
2375
6145
5151
7005
7943
4639
1214
3704
2033
3737
3631
4145
5821
9959
9707
6415
3560
5844
9528
1461
1904
7493
3555
428
4945
464
2303
6517
7109
1429
3297
6364
318
3622
8203
8746
5184
6242
6799
7974
1737
5364
6141
4121
1410
2916
822
1433
7033
9197
5168
5269
1496
2701
3201
7896
1980
3049
3051
3284
621
1966
8497
1121
7306
2622
2641
8275
7877
7957
5015
8874
2720
6104
8543
9281
1567
2163
4686
647
4636
927
1693
5776
3894
1780
6270
8416
2185
2568
6095
3592
4493
7639
264
2826
544
3313
9120
8755
6670
3234
5774
4859
5657
9340
344
4312
5152
8175
207
1736
602
144
4278
7336
9532
1873
934
6345
8499
7172
8830
8967
8594
5705
1407
4656
287
2729
5001
7244
7437
242
2938
1992
9416
59
3949
1755
1415
6370
5306
6637
8038
4743
7723
3929
1731
8889
2444
4590
6280
797
2400
7433
3543
4525
8273
5933
8388
9305
2661
3562
6557
2000
5627
6800
1544
2822
7339
6497
5220
6253
1888
3674
4672
9213
2189
4641
3919
3887
5212
6451
3160
8494
4476
5612
9833
705
9938
3171
4579
2361
6591
3735
5957
7980
2654
2785
9246
4494
7129
254
4322
8693
8307
6092
9027
5568
2301
1021
9259
7717
6746
9367
7163
1665
1299
416
3923
2450
2791
8247
4369
7834
5479
8993
6951
8248
9450
3816
9021
1082
475
1786
3
5327
6713
1743
7070
4855
7851
9589
2061
167
8635
9300
9823
4172
5183
5319
6588
9980
537
3052
2562
5475
7687
8949
9943
926
6282
5083
7594
6596
7724
1035
2067
8535
8769
5223
7743
2201
3086
5555
8260
8531
156
8456
7923
5861
4766
1181
1720
6737
9800
7155
9999
4357
6720
7466
8879
5655
7863
9320
9352
20
1075
520
4246
9737
1555
6159
9401
432
1895
3729
5464
1598
9778
2044
4848
9133
1039
465
239
1324
4825
9012
597
2266
2459
2945
4420
7423
3367
5749
7297
3410
4186
2147
9488
2386
1211
6125
5189
8647
655
9624
9208
2357
3528
4783
6626
1669
3101
6964
446
576
5582
6567
4284
2346
9245
302
1250
5967
7219
7882
2977
3400
904
6900
1512
2961
4050
5871
784
2328
3298
2913
4942
9718
947
8233
55
4388
1812
3712
4547
5371
1579
6690
2906
5002
3310
1379
4210
4700
6075
3396
9748
7261
573
3335
6358
9711
405
8366
2770
3471
6885
2875
2326
8197
3350
3095
4011
6847
1451
6811
8148
6059
7988
3695
6045
321
605
767
7526
2133
6483
3200
5147
2680
3679
5737
9100
5851
2985
2135
6760
6940
871
981
2108
8125
3230
4279
7156
969
4416
185
4108
4506
640
886
2249
1365
6649
4171
102
3290
5822
864
5361
6897
8372
3499
4582
1651
5044
418
3451
257
4925
5798
9477
1169
1752
3714
5645
247
5153
3417
6024
1332
1403
2900
1543
1182
1686
1804
4461
6952
1345
3585
6680
8685
8771
3263
7692
749
9961
6290
1244
4069
8129
4852
1518
1817
2182
9763
3458
77
3098
3836
8039
2297
9129
4830
663
1880
3809
5570
3918
4415
5538
191
2165
3915
8750
6486
5428
9710
3687
8931
2980
2084
147
1614
6906
9597
5601
2374
6682
9478
2132
6928
9018
7938
2258
1811
7179
4589
7529
4029
1596
9439
653
6918
131
1000
4053
265
8941
1523
8229
6853
4587
2387
2094
8461
8002
8854
9600
7440
2772
2821
