70
4990
5306
5317
5488
5909
2896
3500
9580
34
1291
2268
4242
2190
9047
9558
8355
3751
8530
9769
2680
5542
3304
8067
1955
3419
8576
2322
9302
3237
4901
6461
971
3022
7016
447
4399
6711
9203
3558
8980
9857
4883
914
4756
6630
9602
2282
2490
8371
5589
6462
4468
4631
8162
9241
288
6833
2146
262
5327
7411
277
6605
3347
2522
9064
8276
9766
7779
8853
3601
6264
2589
6048
120
1363
6433
4159
8997
6366
340
8847
846
2067
4030
3907
6911
1060
2233
4327
5226
1599
3541
4504
134
2763
1475
2821
4620
5119
5278
6339
7012
8156
1635
7209
251
7276
6060
3603
4894
882
2960
9308
1490
2499
270
3681
4908
7622
175
9333
5244
2786
6239
1015
5141
1856
9949
3726
5080
6115
9611
4255
8041
3007
2277
2470
3421
4723
3386
4820
2072
2938
3634
4805
5820
6924
586
5611
8672
9553
4529
7853
8590
3339
7228
3512
7001
7326
75
3984
7335
3442
7843
3949
8624
174
6460
7198
2113
6224
9104
5928
8606
1013
6018
9028
8402
3600
9160
2339
8422
4467
6614
6849
8406
4181
7052
7103
9516
5747
7515
5018
4484
4604
6217
8222
2588
3016
4056
6772
9016
4812
5558
1444
2307
3904
6242
9560
1488
5130
7875
8420
757
9614
7286
2185
6703
1497
2906
6125
9559
1017
2471
6198
1053
4948
7701
8958
9235
1613
5339
1076
1078
2326
6392
5169
1829
9954
1630
4170
6434
6823
1761
932
4945
5223
9598
2758
5831
6675
8709
673
2642
6583
7365
8122
3499
5282
6519
1968
4913
1373
5037
9234
4278
744
3228
5053
9984
3737
6908
1410
2954
4107
4243
9993
1937
4026
8536
1640
3505
6671
4461
8071
6148
464
1869
7828
1682
974
4292
361
4439
5457
8116
5208
6270
9032
3405
6743
5933
6577
2704
3213
7469
8955
715
4375
9635
5375
9521
9750
2202
2799
3592
7179
4068
700
9187
6259
7363
743
1323
4726
5203
5464
9483
548
2979
8569
540
4888
5585
7804
1888
3099
475
3747
667
1545
8357
9467
4054
466
2328
7485
2909
3579
5902
787
4760
7939
3468
2100
583
4981
5352
6168
6900
7377
9004
4623
8964
8843
8932
3537
6205
3655
1041
7569
7945
1644
9509
3586
5931
9967
9265
1346
9680
3411
6265
8936
5486
4372
3612
8844
1744
1804
8294
2651
3254
8101
3764
9239
2292
8968
3869
1676
4885
6296
9777
4023
1760
7285
3224
9688
25
1832
4937
191
7164
3186
1636
1797
582
8046
2171
2739
5908
6816
3926
9822
6766
1070
5781
1586
7356
8599
9501
1097
2725
3850
7895
2028
3976
6091
6988
6904
7061
1949
5994
6831
7528
2293
4949
8130
8307
8504
9010
2095
2433
9005
4825
5770
7634
8799
816
824
4365
6697
7455
2502
4445
3644
5813
2847
9029
7084
6929
5347
8657
7651
6526
6247
5664
6199
1926
3439
6626
6777
8068
6157
1953
3924
6417
7068
9457
1657
5901
5943
5924
9486
1098
1556
9406
7212
7997
6
2036
5888
2019
4321
9224
2667
2711
4344
4721
8244
7117
1721
9640
2980
3389
2762
4598
4775
6806
4682
8038
536
1389
4603
7260
8290
7910
8867
997
6122
8760
4526
5307
6184
8966
8975
6852
6672
9930
6448
964
1952
4685
983
181
9259
8281
1631
2034
8933
1267
8855
9849
3967
8142
9246
1455
6402
7092
8398
8755
3223
1724
5727
7886
564
164
3348
4416
5390
5895
4428
641
5126
8769
5806
7402
8148
975
987
5242
2265
5929
7763
1750
1713
2830
2514
4313
2517
1625
253
6290
6606
85
7371
5148
335
4838
5302
8935
7741
970
50
3875
8929
7143
7952
2553
8629
885
6763
7199
2977
9174
749
6663
8677
6994
9804
2546
8673
6438
3101
4443
3028
4991
510
3498
6055
8405
2141
4536
6348
5288
1573
7664
5726
4241
6715
3647
8090
2271
7882
8689
3363
1066
7133
287
315
4961
8404
8485
3194
1781
9065
9158
2657
6640
8683
3460
3132
5090
8086
8575
4162
7323
5782
6070
6286
8070
2963
6283
7870
734
3262
7510
8350
4842
5579
5621
6360
355
9712
8944
6884
2598
7357
4889
6445
4705
6475
1226
1496
2652
8164
8924
1112
1120
6469
566
40
1743
1796
5111
8320
3012
8131
1012
8735
2845
6751
9245
7909
765
1948
6130
554
5277
9900
6553
190
2736
550
508
1720
750
3031
311
337
842
2280
2400
1487
9131
1063
3916
678
4800
1073
3502
7962
188
1157
1179
1881
5565
8427
3039
8267
7391
9099
9972
3374
552
871
7303
962
745
6466
6706
527
4781
9519
8447
7090
8103
1951
8356
2570
3626
9743
2420
1142
3489
431
4185
3313
5977
3578
2519
7015
8698
9735
2153
4398
5759
2102
9446
63
3384
5118
6722
9311
1279
7726
1890
5701
585
2660
7226
512
2253
9569
7529
5500
9714
7060
7486
3346
4934
256
5138
4189
5209
2123
6106
7781
8982
8410
9451
8840
1717
5240
1164
9956
6009
8119
4231
1003
8702
6183
7953
8441
7165
7616
7421
4546
7152
8529
3738
5557
9655
4425
4909
8901
3292
1734
3377
6268
7163
687
3436
3940
733
6288
2385
5490
9982
7466
2064
2276
2440
6940
7638
9851
276
8009
1763
4345
6955
7516
3841
4379
8911
4954
5187
4955
7102
1800
7219
4125
2713
6653
6922
1007
1457
227
3789
5789
8743
2835
7934
3056
5950
8217
5644
1359
1429
3810
3701
5310
2448
5136
2983
6331
1567
7546
4665
3748
531
793
7101
9476
9958
5360
1154
4233
6092
9498
2740
694
2724
7825
2117
2121
8621
1452
5414
9360
5337
189
3173
1328
1835
2509
3469
3001
4994
3459
7854
2521
8903
1536
7862
1495
7246
1019
1057
7140
5410
9718
7937
1694
4179
8325
3207
2754
4878
6446
556
2712
4717
5408
6516
7673
8354
8921
5616
7104
3577
5697
7735
4203
6542
4610
4929
1022
633
6176
7837
5856
4104
5003
4080
7254
212
4454
2869
5885
9850
3735
8963
813
4703
4996
6022
1648
4325
1794
7397
8725
6498
1064
4247
6139
6905
6493
484
6878
679
4687
5678
8173
1376
3295
7443
589
3219
6931
9434
6978
8838
9226
281
74
3345
4466
7506
2796
9770
8100
9821
3492
8931
7851
3731
5290
9036
8961
9429
394
969
6830
8220
6162
810
2090
4558
5334
551
8204
8805
4364
304
1261
7277
7943
6642
273
5358
9020
1150
9651
984
7263
261
2162
2601
309
2524
6543
461
7442
5472
6882
1984
6591
3109
3420
8022
681
4699
6799
8522
881
4174
4254
9856
3488
2634
6185
2297
3534
6633
8942
4268
5218
3479
5648
4613
3497
1880
9610
888
1141
1693
2341
3571
4716
6251
9145
2119
3278
5215
6839
7050
7195
7771
7317
7537
6367
9136
9579
3447
3702
944
1369
3596
9378
9637
2545
7677
613
2469
9793
2038
8059
5874
9840
9293
5340
3024
5430
5285
7538
7951
3511
1256
1286
2822
6415
6778
5076
7721
6707
6957
8109
9628
2487
5690
884
8136
6995
8638
573
1233
2296
7761
9724
4861
7345
9318
8133
9780
605
5632
2319
7396
3557
8688
7398
9295
1035
4988
5224
6021
6915
3425
3466
9722
640
3123
5725
2208
3942
848
9646
9990
3445
4029
9908
1042
8446
4979
249
8841
9659
7928
2380
5395
2512
998
2703
7449
8036
8810
5427
8318
8674
1539
7533
764
4036
2865
979
100
5719
4533
1646
2078
3454
581
94
456
7550
8556
1812
5460
8607
7680
7374
2395
9855
1647
1756
686
7393
1335
1850
9183
7186
8043
9152
6592
2127
3365
9134
2396
6002
232
1989
166
3356
5134
1220
4563
387
2677
4427
6043
6635
2037
1378
3340
1814
3395
9971
6585
3713
8729
9167
4437
7821
1849
7807
8478
8862
3891
4982
5922
7715
9267
9380
1048
1934
2355
8185
9624
22
3052
986
1161
3286
8415
200
1790
8445
9919
8762
2900
8714
3853
6651
1806
2884
5559
7606
3336
6369
671
2017
1298
1058
2915
9825
8900
1728
7162
1355
1742
3700
7400
1292
5976
4758
6510
1627
1819
7205
8236
587
827
2148
6914
7420
7560
4816
9418
6196
9163
6634
8617
1209
1612
79
759
2286
5455
7904
1079
5186
7416
1994
1232
5512
8279
1746
612
4807
9417
1980
7342
2617
1995
301
2167
2168
71
2506
2351
3298
2482
5991
9448
9566
4038
6421
1223
2372
8806
9024
117
9251
83
225
8846
3821
7047
5674
7729
7765
7668
3036
2358
7302
7503
7454
9551
4397
3757
8535
2498
3383
1877
2846
7189
3827
7614
341
7404
9576
2797
3739
6522
9344
2628
958
6045
6389
9685
682
8194
660
4508
4918
4386
1739
2077
7722
9329
8692
9063
8370
4951
4318
5723
8084
5084
5485
9044
4380
3947
4383
2281
1021
4715
572
9747
4022
3393
1883
2554
5493
7144
7191
8277
5800
9087
4072
8880
2564
4924
9595
2637
8444
569
7605
2026
2812
6484
7336
2335
9229
5446
7407
8066
8763
4657
1592
8051
1510
8462
3066
1216
5409
1069
3820
2192
3160
7504
3516
8289
6815
5696
7409
2465
8814
9236
4813
1043
8716
1138
7929
6581
9686
990
3876
8764
4927
325
184
2140
2742
3530
1081
8489
8645
9478
3740
4666
6211
9801
7270
208
1943
6647
8358
2855
4308
8588
845
883
7866
5051
3145
5545
637
446
5217
1858
4408
2741
683
2572
693
3137
8957
1771
4406
3417
7329
1913
2850
7086
9676
3288
8565
9435
2163
5853
8631
3964
4150
2381
7128
1213
2537
9625
9968
6750
23
3390
3430
4502
7025
2020
3427
1426
3299
945
3863
2626
5583
1305
6641
7029
8985
9959
90
2714
9472
9656
8796
780
1392
5283
1417
5262
6012
6724
9667
147
6202
8720
8789
3089
4456
4649
8908
6135
1577
3865
7803
739
5548
6523
668
4771
9100
3982
1543
2659
3692
5894
9052
4661
4573
9654
56
3973
2775
3776
9470
895
1108
2179
2444
8027
3038
3921
3453
9168
9765
4273
4596
1538
4447
1054
2645
4691
8649
9872
158
2800
1034
1629
1099
5033
9797
9871
7275
8987
9749
918
5567
7685
4001
590
2533
3398
4593
4803
7906
649
3951
9238
7600
8655
1169
546
8177
7523
8431
9922
3859
124
7312
8034
5211
1125
6338
995
3081
2147
5673
2417
4674
6295
7777
8299
6794
7864
7120
260
3607
1561
4032
6408
4561
4352
5246
6237
7202
1212
8271
153
776
1283
3698
4172
7448
7728
9534
1253
7947
9923
1151
3526
5535
2138
3151
4876
6571
289
2313
5818
7829
4106
2367
6704
7200
943
6925
5298
6836
8000
8514
1449
2968
4923
5498
7789
1823
5058
2391
5722
6699
8962
2596
8993
5371
2523
2656
4180
7237
7994
8839
19
4201
740
5699
7481
8790
6285
6840
3351
4697
7031
507
5867
3671
4776
209
5411
1809
7358
9069
477
2873
5808
7588
2421
4324
4750
2251
9463
570
5554
1973
7594
1895
5825
275
8573
2315
3104
6550
7888
170
2484
3542
2478
9173
748
6524
3708
3382
33
5873
1730
3465
5453
6000
6956
5354
9699
5989
1160
8502
8190
1334
6052
1252
2828
6728
887
2491
3576
7217
8414
3360
6749
9727
5454
7613
2143
1415
5433
9353
608
872
1549
1861
1988
3506
7858
5008
3074
1697
1210
4602
5271
1518
1786
5654
6620
9098
380
4343
763
362
4527
651
2218
5942
9157
530
3568
6841
8237
8545
5426
1686
2092
5110
9000
5206
5000
6343
8439
363
9938
7891
329
3209
5161
8989
383
4635
7373
407
2994
3630
9008
8015
8893
1678
7946
9991
6932
4219
55
948
9679
7308
9383
4539
3769
6056
4947
9366
3504
154
9216
259
5893
9761
3553
7567
5638
6020
8686
2098
3627
6906
2814
7368
5001
3152
7769
3583
9013
9975
2290
5625
7116
2815
3664
3680
5769
7367
1135
6013
416
2700
7971
9022
9043
2368
4584
5495
6787
9719
8992
4351
5623
6926
3564
8135
7874
5376
7036
893
1249
5508
3115
3525
280
6913
7708
1409
3233
9407
936
2223
1498
9285
4436
7159
7907
3906
4232
1590
7460
6450
1214
1520
6147
522
5338
5861
3455
5487
2902
701
4315
8804
6552
1813
5629
5704
206
471
5013
8125
9947
959
9675
2820
2352
3510
5796
5656
6607
7691
99
7283
3590
5377
5568
8544
247
7129
66
4042
6712
7014
400
1663
6975
2103
2989
5997
966
2939
3994
4644
4637
504
2536
3319
7849
4206
7767
989
2694
5766
2831
3412
5844
3245
6898
4004
7628
5849
5365
9935
4681
5385
6965
9633
9314
4605
3253
3864
5980
7920
2299
3761
7053
9130
1398
7266
8623
9327
1526
4950
121
1945
8701
9254
338
427
2003
4430
4952
8175
2661
9758
2816
4517
9039
3514
5614
4933
1514
2565
5515
384
1910
6639
127
880
5443
9445
3444
2311
4554
1942
2697
5442
972
6727
8349
6549
8421
9827
6945
7149
9606
4265
5988
1566
5795
7131
324
900
4570
9156
173
1961
2497
1548
4166
6764
2384
4507
1519
4060
7495
9755
8481
2004
4184
1167
1674
1920
6325
424
648
2466
7057
4016
6074
5040
7579
7650
7988
126
7630
2765
3400
7087
859
5552
4046
8484
9497
4195
5551
9372
5606
1503
2609
3404
6263
9404
7300
2614
3872
6584
6597
7051
6111
8734
3515
8403
8062
9586
9897
4031
3732
6470
8013
3139
7684
9533
6759
7790
2543
1339
469
2087
9364
7292
834
6191
3796
8317
3184
9507
1732
2205
3009
3780
3908
3121
110
4906
1297
5822
7121
1534
4892
9396
4585
8777
825
8937
2349
753
5703
102
4957
1404
4259
1478
6927
7364
5020
8472
8868
6752
6890
2011
6281
91
8785
9934
1116
3946
6328
6972
8934
3359
1491
3071
3762
2953
4481
2357
4335
4340
7325
3985
4704
8525
2059
4279
4403
6089
1620
2390
5063
588
5524
4183
3297
478
500
2993
2330
2531
2256
1770
6364
9888
7339
2001
2452
5846
772
5039
3819
4519
1582
6568
6985
9106
6444
3234
6785
6832
738
1319
3656
5178
5807
1623
5174
5102
8058
1673
4926
6496
9800
5341
415
580
911
7772
2566
6380
2771
2871
7589
9963
515
7447
2427
4708
9974
4485
8389
2878
5887
2129
6138
7977
3424
7541
9320
1072
2655
1399
2240
6594
1485
3446
4438
3402
3472
8499
2787
9337
3251
8288
3797
7471
3399
7944
8374
4549
8334
8363
6095
3307
3433
7331
8628
8332
8501
8682
2935
8634
3175
796
7876
8561
9114
5882
2021
4332
4215
5743
8837
6441
646
4801
2874
7658
1158
9151
6373
7271
8080
9997
9035
3131
9307
1030
4058
4078
193
5139
1040
1218
8174
9745
2097
6589
1358
5735
6684
3712
4556
9237
639
9123
3095
4092
6528
2747
3306
4677
6869
2907
3327
5293
1447
1314
9310
2627
9563
9907
279
1748
8137
2529
2964
3172
3888
670
2159
60
4921
4157
3021
9790
321
6141
2270
2605
3191
8945
7940
9182
7823
4520
8753
4005
8773
2781
784
1412
6765
4821
1087
1598
1619
6179
1423
5301
2371
3221
3401
5509
6385
2766
3959
5518
9969
509
7453
5710
4634
5272
6520
6958
5251
6066
1584
9262
6294
8770
1554
3945
2653
5002
1318
4868
8018
8102
1285
4132
9261
5503
6611
3722
1535
692
8580
5923
3059
1628
6318
7106
7697
9877
4193
5816
4875
6146
2744
3956
8630
4093
7810
7880
2746
3662
9649
9682
2115
6694
4165
2481
8176
491
1603
7347
9630
5530
2827
112
5253
1854
2029
2927
4458
213
3688
3915
3846
4615
5679
9120
393
5987
7482
8384
2973
5834
7598
8057
9555
1997
2434
3355
6948
9901
1735
8045
8602
2505
7388
8857
3138
7340
9410
2578
7526
8984
3008
9117
3652
3882
145
3790
4582
1170
7959
9323
8601
4160
5840
2594
3941
7232
3699
3321
5150
9338
5780
219
870
5416
9931
1372
3755
3802
732
915
1591
8466
4138
6837
9080
5045
5911
77
2050
9643
3220
5476
5645
1601
4012
5695
774
3845
9074
2453
4521
7970
8577
1668
9814
1004
3337
2306
2770
3385
5116
6088
3774
7310
1857
5153
7865
445
3501
6336
9585
5634
7782
2150
6370
3126
6903
150
7626
4367
8306
9274
878
6252
5320
8913
9046
1665
2244
3654
8600
3364
7127
1203
3518
1551
178
618
3649
4410
2887
9351
1340
1331
7483
8274
6374
705
1244
5523
7166
535
9141
2176
1749
8898
229
576
3886
9917
5750
6136
8362
503
8558
1032
1807
8160
3618
6298
1565
3156
5068
5592
133
2952
4822
3075
1014
2494
3884
6226
7917
7860
8860
2024
5009
6173
6431
3697
3894
4164
5348
6194
5452
6615
6912
8023
6006
4559
4744
9808
1641
4055
5982
6822
1580
3255
5316
9891
5483
8887
6041
1311
805
4877
7399
5098
5249
7868
5185
8395
6901
7288
7255
7177
853
1828
5447
5200
6341
7863
1234
4018
5300
8423
3749
5837
6733
1301
4108
9253
1438
5590
4515
7730
4161
3620
1462
6243
62
8708
6282
2074
9836
1660
7457
7793
7833
5587
6974
7661
7817
9839
1602
8254
3064
3434
1876
835
2450
3471
5744
8025
9568
5739
6495
8724
755
9038
4796
8690
9778
7609
7732
4964
8097
8208
1544
4261
9604
2136
6556
8680
454
6508
910
9319
8832
3068
8626
9837
8595
5286
2043
3218
6885
924
2354
6440
5772
2515
5471
5540
9369
2191
7192
3944
3051
4258
4495
5384
9292
3826
6061
1987
1886
4936
7058
7362
2486
2729
5773
8784
9547
863
1067
4017
6050
5553
7889
4734
3335
9408
8825
2639
5650
4562
7855
8272
3885
616
4075
5192
237
9561
9500
9202
1833
7472
8387
1025
2829
1247
1853
6034
2784
4432
7281
3002
6159
3029
5458
7327
9079
7718
9440
4490
2791
2592
1820
2109
6149
7672
254
7108
140
6110
8292
2180
3913
8694
6230
6409
7531
7557
9416
7107
7826
5067
9113
8741
8854
9002
4845
2199
5537
611
7795
1755
2999
8426
9976
1329
3724
4357
4695
4064
4810
4098
7916
9642
6485
6335
1
1386
5101
3714
3963
7490
9955
3201
8145
6001
8527
7714
3807
7298
9517
9618
284
5057
5355
6428
9400
4293
7176
323
2321
8047
299
1368
3585
7474
6301
9752
233
9869
2708
4210
1915
6555
2274
9879
9978
2125
8458
183
1406
9193
9382
7110
8345
501
3604
5949
2527
3362
5171
4917
8861
3225
4693
4142
5996
6209
533
3199
4074
4137
7654
9489
3513
9925
1231
6755
5125
6407
5261
6544
4474
6212
7595
2555
7344
9812
1196
1308
1842
1152
5788
706
4728
5550
6730
3165
9674
2332
1737
2178
3611
7901
4009
6838
6990
9948
1326
4862
2457
7570
9303
1978
4589
3782
6142
7412
367
7067
9055
4850
6977
8877
9159
8783
1504
3575
3334
6094
7175
8691
8552
3055
4272
6116
5917
9861
8986
5055
8121
3372
498
1560
2893
9347
1753
4065
8186
6420
226
865
4366
457
266
4434
119
6236
8516
8089
8747
1914
421
8738
9356
2348
5387
9460
6910
3450
2033
2534
6680
6916
3198
6332
5691
8727
2377
5431
9668
7806
2535
2735
8375
901
3822
2407
5626
1294
1645
5615
4914
358
300
2049
2133
5362
5270
6458
3663
6206
8722
6104
5967
5405
2324
4413
4360
6067
5785
8436
9873
4275
8021
5469
7539
1172
3118
4440
2066
3829
1596
2488
7328
3275
3673
5687
8129
1436
7857
4237
5048
9089
3565
4636
7262
4331
7604
5886
7512
1379
3413
283
4712
7172
3211
3574
4025
3057
3520
4274
7878
5647
1690
4297
473
198
3840
9648
3744
6702
6807
8983
2892
406
7154
4774
4663
1570
3098
5761
8882
6039
1610
9242
729
5635
8082
6705
9178
5680
7759
3932
1241
3965
6311
18
6842
2012
5801
5147
9165
2720
5573
347
3381
1371
6464
2495
2698
949
1581
5593
5921
6133
3715
4958
4051
7169
6457
9272
8028
2467
3263
5919
6899
2585
7024
8329
5081
6377
4788
9222
7146
4402
9562
8808
3247
5737
8259
35
4069
628
7586
7967
2518
2662
1522
3155
8146
8310
45
5802
9772
7564
4513
5028
9469
8675
9703
2260
3931
9192
2722
4809
2810
9362
6316
2177
7287
9813
130
3326
1983
172
7065
9462
2039
104
49
3033
3989
2692
210
6780
561
2379
8754
9422
4442
4480
69
7118
1246
8542
2254
4900
1710
5367
204
1095
8890
7488
8947
754
6231
217
4414
3861
7207
46
1932
5790
8323
925
1084
8517
2183
4621
8255
8381
604
8521
610
2623
1011
9705
7223
7566
7764
843
1982
2591
3660
9227
7881
7122
8539
9522
8851
5212
1402
8632
51
2715
103
1460
4854
7733
8083
2236
2842
4848
5575
598
3441
4893
2920
9230
542
8761
2394
4431
8829
9652
579
443
9122
8229
1207
3183
663
3614
7355
9385
7115
9664
9671
2586
8642
356
6582
1009
1341
8678
6554
3887
7037
7352
8364
5686
6010
4301
7922
1575
6215
6665
9593
2424
5751
7382
7838
8245
7343
6038
4738
444
6866
2889
4568
8899
1894
9376
8822
2756
6983
7351
9381
1700
2568
8641
5254
3983
7787
8574
6661
7461
1542
2813
4090
5210
1870
3133
4457
2275
5899
9037
196
3246
8305
5892
7979
4256
5142
4076
7429
4123
5912
6689
6989
8871
7085
2423
6721
2776
4826
6042
1891
4489
5315
5736
6429
2010
9554
1960
7975
7385
9140
9666
2507
5566
5429
2691
1467
6097
5883
1441
6646
8168
434
9960
6650
7132
9473
1940
3734
3509
9708
9557
5268
8061
735
886
1296
4660
4897
8528
5745
2045
4659
375
2131
5132
4799
9704
97
978
4763
9200
108
3171
5603
8636
313
4382
8604
9619
5502
9996
1221
8885
4553
6744
8076
5054
1546
7900
899
8654
6987
2438
2245
5972
2203
4250
7240
7513
5420
7662
5349
6545
9721
8879
3005
3141
8665
3205
1370
4518
7989
9277
9088
1089
4590
93
3
5351
7748
1589
8477
1486
5296
3192
4574
584
627
9882
5628
1336
2489
6014
5189
5694
8884
9485
3798
7572
7861
9070
6004
10
4083
6631
4286
1107
3344
3260
8132
9623
4506
5829
1075
5388
6435
7590
1420
5709
6432
2081
1394
1834
3928
653
2929
8216
5230
5700
5004
4169
4310
6586
1938
4686
5960
7018
636
9981
441
1248
1114
9275
7648
5383
39
8081
2644
9847
6942
9538
7171
5128
2899
4035
3285
9823
3521
3793
4228
492
1985
6189
157
7187
2764
2795
272
1840
3027
1282
5993
6674
9240
9612
9995
298
7702
3643
6919
3060
3584
7736
1425
3581
64
2412
3261
8592
860
5952
5845
4377
1180
9866
8302
1228
6805
2181
3195
6363
3338
1608
7229
5096
9733
2951
6947
1357
9220
2748
9881
1875
3968
9802
8492
9965
1126
1689
777
2937
3922
4833
6210
5819
336
5731
8170
820
8866
591
8432
1655
7203
3283
4129
3187
6881
797
1669
9716
5966
812
6854
6118
9608
143
1928
1860
5263
1810
5706
7692
3114
6857
928
8480
1501
4066
9799
7233
6128
6007
4249
8203
1639
5072
6486
4394
7783
9571
9617
8158
1215
4463
5851
1773
3676
7713
5878
8781
9962
8134
1062
4151
9049
3961
7063
8648
2432
9713
9706
2752
6358
4754
6422
7322
5843
6845
2903
1284
7617
3054
4220
9759
7319
1299
3078
4762
5622
308
6195
6480
2031
6487
9179
5356
8640
8589
2458
3161
9289
9411
7498
3217
731
9340
8188
6049
9913
6447
6622
3624
4444
8073
3898
5432
1893
8232
5279
9260
1134
5170
6997
61
7924
7218
3686
3786
6941
760
791
7796
5168
541
5595
9030
84
109
1614
7573
3609
3720
600
8199
7113
7896
3077
8661
2063
9276
3238
601
5194
8179
3693
4081
1153
4935
4956
6748
6893
9197
2405
2361
516
7428
8560
3733
5660
7475
5875
9789
7505
8331
1974
5854
9041
4091
3061
1251
3440
2849
4426
468
4338
1642
5832
2108
7696
6793
977
2792
890
6677
8166
3677
5541
7814
4880
544
2392
3986
9863
3422
4230
9927
3369
3881
7000
7034
9641
543
2731
3930
9009
1345
7451
8128
5075
2670
1101
5715
4411
1204
3157
6887
9697
2118
8004
7023
8842
3371
6656
8856
6687
889
4197
4655
9137
8343
9442
30
1361
1905
8878
1269
5379
9110
3893
6877
6999
5449
8919
9358
9867
4902
954
8981
5904
5884
1364
2728
650
6245
2500
3690
3727
364
7413
6529
430
3743
1184
7046
1020
2573
4777
9379
420
993
2919
8107
1337
3072
3079
4349
525
4391
8585
2336
8653
7984
809
7558
1844
5918
707
6802
5779
7893
3269
1280
8486
7017
3556
432
5196
811
3837
8664
2294
2602
2279
9530
946
54
6897
2234
9211
490
4653
4870
7840
6337
7341
8167
5074
5309
4358
5176
4904
5368
6131
2213
6509
8869
6574
2862
6121
4441
1302
7530
8970
2841
2985
3966
21
4135
1047
7583
3527
116
3185
9932
5799
6351
722
7591
5345
5563
9695
4493
5094
2052
4709
6856
908
3773
8670
736
5939
8897
506
5233
1272
1090
1273
9832
5948
9350
6645
6813
8663
9270
136
6248
1927
1747
7426
4361
7491
7740
9119
3675
3880
7619
7885
1375
8891
5247
3937
4334
6991
6065
8659
3651
3215
6099
6232
487
4363
2745
3458
8139
4944
8710
4289
838
4369
202
371
4607
5159
3105
8291
1127
7216
1416
3376
4768
8346
3605
4879
5441
7224
5082
7389
7993
8165
514
2647
7965
8965
1719
2228
5144
7800
4182
9605
1515
4594
349
465
1468
3719
6137
3851
9014
1964
3271
5407
7521
52
7359
129
4248
8737
2636
6030
3287
5821
6637
3113
7097
8085
7438
1733
2737
357
781
1683
7318
8494
2852
4898
7659
7768
2542
8138
2492
2699
3640
3273
3451
4262
6861
3216
1767
4609
3783
5693
5325
8959
4306
6258
6161
7238
7264
2235
2672
1798
1859
3235
1197
3862
800
3770
6604
7032
599
4718
6501
696
1493
4973
4736
2388
7301
9702
7463
6443
2401
6560
7245
4740
5864
8541
2300
6314
992
1393
3758
9334
7045
3070
8831
8948
368
1390
5380
7027
3154
6175
7360
957
3388
5793
903
2649
2022
5006
5637
6072
7427
1830
1255
1595
3350
7596
9102
3648
8377
4669
6062
652
852
4234
2981
6950
9284
148
6186
4317
7430
684
906
1847
3610
9459
409
1941
2295
4024
8388
3392
1679
5670
6698
2908
1489
3303
9388
2940
3435
242
1621
7623
4117
9774
2055
1903
2788
529
8667
2984
537
9171
3343
5714
7620
42
7038
6414
6714
6779
5461
7252
7629
4373
6489
7532
3352
211
1148
2990
1851
9496
6619
1330
6673
9482
9540
5228
9161
9373
1450
7801
8823
9966
366
5183
6662
7066
7964
1271
5677
6177
6934
1052
2510
3892
7850
892
3083
5930
9464
9915
9256
804
7178
6220
9084
228
4473
8361
7954
2563
5044
3391
719
2760
1802
5335
5913
6476
6692
411
5062
6353
4795
2273
5833
6404
2548
6411
7403
8266
2476
9181
4236
5266
6203
3835
3330
9336
5152
3936
9803
2404
4538
961
4390
716
7555
1085
7280
9057
7013
8275
7556
1527
7145
3566
5273
8448
1667
4858
4601
9748
8949
9924
8172
9430
6713
7305
485
4896
1935
3741
9281
8557
177
7784
8126
9845
3570
8915
6873
6372
207
747
4453
2441
7021
2376
7089
1685
1930
8954
5971
29
7983
9739
1499
9764
6069
1464
7879
2149
7022
8749
575
9786
655
2777
6616
1681
1192
5299
7580
9615
5712
3856
8453
5758
4171
8723
691
4477
2606
2707
9398
2145
2112
7105
438
493
632
7808
9816
265
2571
9771
9979
8367
9720
3331
2687
1222
4871
9914
9621
3108
9894
4435
5103
1779
4483
8684
730
5517
558
1818
4541
5538
5424
1431
6541
8163
907
6678
9513
32
9147
8206
8696
4759
7210
2955
6167
9616
4499
1189
2303
4333
7293
955
5591
8339
9494
1384
2730
381
489
2885
7671
9763
192
1950
710
9461
4640
2091
7296
9985
86
3763
2556
717
7231
9371
2195
4130
4079
8888
53
2918
1288
5220
5287
545
5012
7739
9432
9878
6098
4147
3142
4690
832
8809
8951
9880
1716
8550
1782
1962
7877
3587
4464
6219
905
7502
9479
3787
2429
4111
5497
8293
9904
24
107
3674
1882
2252
6323
9988
3545
4148
8283
372
2690
139
4264
1848
495
6971
2664
4516
1777
8360
2139
7211
3953
6234
1972
7380
1461
2947
3533
8469
2501
9015
1190
5707
65
1936
1117
9943
923
7774
2949
1824
4225
7682
8586
3034
9298
3378
3615
5584
2080
9942
1692
2607
28
1845
7384
1403
762
2165
295
268
4418
6483
4903
8608
6273
9689
7006
4510
654
6181
9129
1367
3832
6723
296
8202
271
4476
5374
6456
1597
5421
1483
8583
5676
1333
4755
78
4253
248
6155
8526
6505
4385
7766
1086
5979
4711
3240
4643
4749
5879
7835
7433
8396
1010
2998
2409
5955
8633
203
6879
9317
5237
3806
7689
7517
9269
5022
9629
2002
3808
4514
3042
6324
7527
4050
9876
2088
5091
7124
9994
1123
4037
8352
397
6454
3991
4112
9190
3589
5672
7168
4099
7911
7361
2204
1264
1726
5115
8330
241
4522
4376
8224
1765
2262
4359
4475
5122
8249
6272
442
7822
398
5830
6357
2910
3917
5663
6425
7208
8438
7522
205
2289
4392
8149
3871
9264
9370
4126
685
4070
1313
4176
3814
6949
2848
98
3229
9810
7615
9189
305
6145
294
1958
2726
9450
2229
1762
5757
8643
3679
6107
9060
7644
8079
3127
703
6784
5906
3294
7841
1939
7174
6847
1238
6478
6218
1650
5484
8268
689
8780
9194
8234
1516
4675
3812
9414
9999
2923
1846
5998
6636
9596
1434
5555
1276
6632
7157
6393
8563
785
1912
4387
7695
6935
4370
9345
3048
4282
448
1593
5578
9933
8110
9591
419
8797
2436
1986
2574
3659
7369
9205
6293
316
1658
5962
2844
1855
6770
7551
7657
7099
8115
9631
4872
4199
9421
2101
5350
6257
1187
6329
7213
9217
6967
988
1661
3149
5323
8699
5534
9096
3478
8520
8772
9957
6860
8956
353
4587
1437
1766
4140
320
9124
2798
9059
5620
4326
9738
5252
2188
3379
5078
410
8338
9304
2194
452
3117
6132
8425
1405
9730
2834
4642
6481
2283
8788
1260
1785
2073
3178
7974
2843
1451
3524
1383
2493
1507
7294
8803
5937
4797
1865
7150
2782
8366
9214
8579
310
5047
1775
7973
2721
2291
4460
6515
912
4557
6105
2046
2323
3960
7985
3667
4073
4844
8848
6383
2817
6848
2948
8064
1380
3163
1662
3503
4581
1947
1191
4624
4239
8845
2415
8619
7545
5234
9139
3866
5815
9889
7836
7204
7314
5738
7683
9515
7593
8660
4632
6786
708
2890
4714
8666
1826
1050
2463
6876
7820
4641
7647
8412
8513
7010
8209
3354
7663
8570
1129
3189
3772
1094
5907
3329
6225
8157
5191
8368
2186
8378
2269
5182
6946
1588
3097
2105
8927
7845
5369
6016
3457
5049
3116
3164
9639
264
3998
6390
6051
4494
9961
973
3300
4422
5113
5313
8270
7544
858
7009
2734
4063
4882
8233
9288
7043
2431
8917
2340
5501
7776
149
5624
5415
6322
6488
8876
4551
8610
549
3305
7992
6214
8668
3102
2122
5752
1505
7890
6511
7424
8118
6679
7193
6709
8006
695
7927
26
4919
6517
4238
5662
7425
422
7830
462
8518
8555
6108
9490
4531
7887
9806
3788
4743
6644
3437
3633
8540
1338
3200
8578
9399
8758
8250
5100
1419
1695
6040
5241
5095
8153
1705
1039
9121
1171
8379
4284
9491
3990
5336
9760
1966
3302
4067
3322
221
539
8910
9266
1718
5097
2803
5359
3148
3190
4700
8112
5767
7867
9142
1908
4381
4802
876
4488
578
6238
9025
1562
2839
3147
6548
7582
5889
5920
2075
9692
303
3597
1981
1576
9693
2696
6315
7158
5689
9493
4010
331
7797
8002
4271
5204
9912
6598
9169
659
1185
8
9677
782
9107
1992
3550
435
2941
5404
6986
9054
3414
6875
9291
6003
472
4658
8210
8347
9143
7987
2584
6936
6479
9184
965
8333
6057
8506
2783
4547
4648
7251
151
1738
2219
5798
2733
5740
4052
9148
3284
8416
9443
2337
2693
4814
9300
2428
3567
9368
574
3540
3980
6720
7832
1772
904
5010
3765
1418
2460
6534
6269
2468
4836
3632
3794
4976
622
1722
8005
3065
7452
6163
6386
10000
9903
9282
6352
7918
8515
9600
6588
850
1219
2970
2104
5661
7225
4191
5172
7008
3073
2785
161
8287
2945
6229
8044
8978
3110
1843
4213
2682
4307
5482
5399
5732
8007
4077
4094
5596
2126
3482
5536
3170
3546
6664
9744
7712
8242
9081
1325
8582
7525
7338
1931
4267
5085
8314
3599
1799
7751
1270
6204
6103
7611
6654
9026
4591
2382
3629
2633
4311
4971
1106
5964
6340
3598
297
6253
6803
9006
1065
3905
3227
6716
8622
5333
7401
9831
9273
2867
4328
6083
3100
8230
5682
7418
1816
8383
6609
4298
5265
4190
7635
9263
405
4482
3000
4011
8990
6789
2767
5357
6688
7375
1401
3242
1128
8221
9341
4021
3704
5760
7479
3718
5038
9636
2969
7182
8251
4817
6565
7239
9101
6362
7056
7094
2965
8459
5657
680
528
9795
3909
2753
4651
6213
7655
9444
5276
6190
9056
9111
159
3508
7372
8614
6652
2608
8946
4342
379
1102
9707
9980
631
2164
2971
5064
5866
614
4597
7069
9068
9678
9852
386
4884
5828
4299
5720
1741
1105
9581
376
1351
9518
8748
7078
9736
5406
6491
6736
7986
1465
9634
6952
7180
8925
4864
5945
790
4322
8308
2669
7440
6818
4577
6059
3370
4208
3491
7295
3972
4710
7802
803
5274
2768
1295
1026
5292
6514
436
4187
9072
7383
2872
3159
17
8072
4448
7607
3745
4576
8669
5505
1092
8032
9215
1651
2928
4202
5381
742
1258
8795
1440
4732
9103
7805
6976
505
2474
854
5330
5448
5586
5721
6531
8572
9354
6564
2836
1366
1193
9805
3169
3168
486
7958
7289
7030
5959
5532
1147
9926
1863
3015
3017
7098
4280
5718
480
1622
999
5157
1327
8182
1929
2856
6054
8685
176
3210
922
5713
8591
4683
3838
5015
2992
72
1201
8092
2369
8511
9394
8455
937
9520
8030
8008
1579
6892
9627
519
9290
423
3032
9436
1159
7725
8014
9453
9700
5127
2158
5353
144
1205
9452
617
4196
3818
333
1005
9658
3955
3107
8106
1852
4245
3264
6169
8491
916
1414
2840
6811
9474
7230
6970
8721
1144
4524
2540
6164
6455
7731
5195
6250
6726
3044
1626
3167
7167
3857
318
440
7834
9342
5774
8508
538
4374
761
2057
2936
9427
4470
9870
5576
9523
6036
950
4295
3308
6032
2353
8922
1194
6768
5479
2924
1990
7669
7815
7048
709
1993
2901
4087
8442
5131
5597
5470
5521
9951
4545
4999
1322
4053
6781
3310
9433
6576
3396
6188
1473
4100
4552
4808
6023
2258
4478
8736
7206
9085
7139
1349
3490
2215
240
8189
5642
9199
9741
5612
6277
2587
7972
3130
4304
5281
6865
894
6992
9058
7543
1136
4627
4049
4938
1821
7489
5571
7119
5601
8551
2447
8828
4498
8150
9757
8197
8816
5823
2833
9892
1348
9206
1736
4303
2851
7742
661
7123
1745
861
3792
6862
3642
2425
795
7688
5046
6638
2794
3569
9952
4178
6896
4449
2526
9218
4043
187
2374
9287
5319
4916
5574
6499
4811
3760
8765
1568
6504
2804
5692
8419
6920
4102
6629
6907
5842
7126
2863
9231
8568
8650
8988
9361
1080
2528
3843
9887
255
697
2807
7559
8191
8212
9050
2246
6280
6735
9544
3539
1808
4006
6156
1793
3120
7995
2076
115
6254
9609
1902
7894
3464
5784
5423
967
8889
7699
5162
1168
9390
1550
2411
1558
9818
258
3474
2972
4767
8099
5165
4617
2612
9620
327
502
7370
4986
1574
3717
5418
7818
4967
2006
8512
4535
3646
4571
4472
4922
8883
1018
2241
6143
9040
3602
3696
6397
8892
9322
2231
5207
1250
6468
1769
7621
3043
5688
67
7410
9355
8746
9012
8768
8938
7738
1825
5940
3548
7897
643
2706
2877
3694
821
6984
8297
2894
9471
2346
3448
817
5526
131
1540
4773
1866
3230
5805
6192
8647
3496
4823
3324
4294
5025
7307
282
3766
7819
938
6424
165
6279
6894
6569
9164
5373
3705
1088
1494
555
6267
3125
3144
6557
2089
952
2583
5848
6944
9138
9665
1643
2673
1245
9734
4509
5754
6540
7547
4015
8098
769
6084
1524
4769
7799
8181
2676
4960
9365
9484
521
615
4119
5180
9257
9330
3535
9108
5089
5108
1343
4630
7459
770
2686
3706
7456
9403
8562
2551
5400
6289
328
1618
3049
6261
8584
5197
5978
9732
6746
2243
562
3815
5926
609
5841
3996
5946
7003
458
1422
9133
5184
8581
5326
8918
2710
1243
7405
1354
4706
3746
1836
7002
6738
1791
2516
688
2717
7561
5221
7754
9842
6872
2917
6797
7637
8923
3658
8017
746
940
898
6827
3010
3274
8995
2198
2870
4194
5953
2060
3854
3867
6182
7786
7709
9412
8627
8905
6888
1967
4865
9798
2445
4891
9918
8875
4959
1506
6026
7932
662
8095
9359
9711
4040
2475
5705
1707
2124
3555
6306
8482
2287
6317
8413
2859
3196
8906
9564
9331
3992
9527
851
2041
4419
5419
5522
8476
5467
59
819
2778
6047
6271
7111
3018
9465
5549
9073
8757
9162
1469
7931
7798
7930
1784
5812
7921
1817
2237
3166
2263
3975
9762
4694
4614
9431
4103
5019
7431
6756
6996
7727
8858
332
7549
4120
3484
245
236
378
8930
9034
1572
3256
9456
913
4041
8433
926
3901
9426
9083
4047
7214
5117
9420
2978
137
142
5944
1906
6754
9592
2222
3041
9742
6465
7450
3119
3232
9574
6413
563
2610
9393
1803
4652
5402
8127
2898
1208
4727
1480
5473
9661
4567
8852
2891
4433
9537
9155
9546
1957
7632
1606
9657
875
6361
9525
6810
2042
4084
5177
306
4296
7674
1977
4832
5318
5951
6969
5077
1525
8393
8700
9255
1263
2211
5702
6005
7968
9210
4619
7434
5507
4368
3635
4378
8391
408
3040
4647
7035
9910
3962
5581
6667
8779
5440
7076
8711
778
6835
9834
6172
9196
162
6058
1792
7392
2014
81
8745
9219
1397
1764
4867
8411
5649
8751
2621
6717
5014
3084
9597
9773
3259
7581
1347
7961
3320
223
7268
9785
3873
4008
3270
4276
7612
8744
4580
7039
9172
2350
4290
7136
9352
215
6572
6788
4221
3591
4846
1304
5489
1976
766
3778
285
720
3249
3683
8999
3085
3136
4212
8759
3580
9294
939
9788
3563
1163
4314
5652
3948
3050
3431
6617
8537
1230
1484
2111
4158
4348
3053
7578
877
8742
9268
5229
4141
2986
488
7112
4731
518
4523
4910
2008
345
2635
6868
737
1254
3631
2532
9552
1342
2858
8646
1096
7304
7746
3710
5343
401
7494
8794
1259
1811
9247
1119
9535
4985
8207
779
6525
9543
4192
8532
1944
6101
4730
6015
8196
919
6127
6729
439
7575
5219
8443
3653
1016
3852
5401
7899
7071
5005
68
4412
3403
5708
1443
4847
5123
9807
5079
9091
8215
3971
2695
6618
1145
4285
7723
13
5255
27
481
3860
7791
2344
3678
6109
8241
1752
8834
6980
9638
7135
5099
4787
6602
1428
6700
9632
3301
7278
8996
4977
8706
9570
8766
3896
3910
4998
6938
7963
5771
6064
6344
4389
7981
8373
1965
6384
230
9781
2716
7147
8141
8231
5570
1901
4625
9504
5239
4200
5986
426
2560
4860
5193
6608
9326
2197
2402
1149
5742
5259
2702
6864
7693
4452
6223
6330
8571
4638
9883
1381
3281
470
2419
9846
5671
7998
8609
1758
7487
5762
9986
8793
2513
3222
7933
4818
9653
3532
3252
428
7267
239
8811
7936
344
1365
3443
1585
2210
2774
8815
5862
3573
3879
4131
6776
7019
6518
3993
5730
6467
7949
829
2876
7762
513
2304
5158
14
6300
6657
8240
11
3316
6451
6278
4692
4791
6539
9567
2921
6590
2934
4698
7624
9071
9854
152
5934
8428
4
5627
8909
1186
2576
4629
5393
1559
2962
7020
220
723
7760
8974
934
2995
6625
557
274
6492
3407
698
2288
7690
7415
1362
1396
3025
4831
8063
4555
4741
2802
4611
1892
9660
1701
8026
7902
9715
4462
5216
6123
8169
844
1684
1082
6566
7568
8681
6274
9339
4839
2267
2360
2738
4970
2779
4837
3661
4198
9375
9223
8380
5297
1122
2430
4263
3825
8651
6359
8336
1918
2410
6800
5492
4662
6562
9090
1751
4835
6412
2496
2225
3823
7519
4486
7497
6719
9066
342
8836
9902
9213
3878
6120
8873
1240
1290
2853
9587
48
5958
4003
4086
1954
2000
4089
7980
7675
44
5641
7244
2611
4330
4085
95
96
1453
2053
4153
8437
5496
9343
630
7350
4409
1424
3943
4218
5617
6126
6741
3096
5668
6506
7914
8620
317
5428
5525
7284
2701
4097
5459
6858
7938
6742
1795
9424
7299
7534
9437
4911
2456
6600
1633
4583
2343
3357
5456
7957
9577
4401
5308
3266
8616
2212
4291
9650
292
869
5768
6375
370
2755
2793
833
118
1656
1971
3153
4101
7750
9545
1729
3193
4645
6804
2161
5146
3311
3380
3276
5061
6521
3317
830
2631
9228
7737
8865
3495
2435
9874
2508
3267
3314
4323
867
6474
1754
4503
7649
4595
9868
6233
7007
1046
4784
5311
9858
7250
8658
6442
2648
5608
6801
1356
5775
752
9767
9488
399
4542
5927
1822
6073
7905
786
8124
8262
8369
2801
4881
702
5599
9387
3977
4707
3617
929
5280
9977
638
2216
4088
7184
7093
1137
1224
1578
3978
4281
6207
9532
6262
9936
2418
9696
9838
595
9078
4942
7170
360
5764
8969
197
7473
2068
3111
8726
9480
8693
9118
6227
2912
5480
4061
160
7033
8712
2166
9662
2305
7436
836
7809
9964
80
8524
3315
9135
9556
4204
3094
8830
7811
3995
9510
3742
4205
330
547
1332
3669
4339
5852
9316
8802
3554
7330
1056
7636
4014
4671
2603
3461
8656
1037
2599
6275
2550
5413
3813
2151
3282
8408
3623
6883
4336
9953
7576
7592
9987
2298
9391
1492
2685
4511
8392
8739
6951
6551
597
1028
7095
9067
1237
9125
9792
5513
2957
8498
7148
5444
2638
4974
9208
2683
3045
1801
7553
6627
1445
2861
3670
8159
9349
6153
3728
2232
1774
2094
7536
5030
7942
2632
1006
4972
5836
8603
9594
4863
1740
9011
9820
4890
4887
9075
5056
6416
8567
9603
2483
6090
8257
7354
8435
4713
5981
6701
7518
5166
9250
1130
6610
3759
4939
4992
8278
8872
6333
5983
390
1727
5605
482
3836
5135
5264
6349
8417
6166
6418
3752
7464
4354
5294
2688
7757
8193
3103
3830
3877
4770
5305
4733
2818
7542
3423
9397
7484
4859
864
6867
6708
741
8372
9753
6695
6696
963
1916
3309
5974
6396
3729
9423
3939
7417
534
4252
9221
4824
9828
2061
1266
7788
9094
9992
5683
2333
4287
6471
6923
2679
6745
2284
2479
2761
2387
1703
3150
3243
1411
6791
727
1871
2485
1324
7073
8011
802
1156
6400
4851
6102
5855
5232
6812
9672
5794
2454
8807
7710
669
4656
7948
4622
4720
1044
1198
6536
6690
1508
8078
8440
6494
8340
3779
9776
2083
8105
7873
6423
8184
8261
1711
302
6828
4057
9754
5104
2943
7138
1315
7196
768
4149
6388
7785
290
8771
9384
6954
4167
5382
2314
7274
101
4501
7243
3180
5245
5975
1873
1839
8154
2130
7194
497
5181
7955
5903
6820
3462
3703
4312
5655
3477
8053
1897
5859
806
6546
7587
7884
8940
1998
9027
3011
4407
7054
553
1788
4071
3181
8787
9003
3014
517
4612
7524
8123
4525
2137
4033
5163
6345
8218
724
5328
2442
3162
7913
3485
8227
8523
8554
9233
5011
9539
2325
8434
404
425
1316
5066
2646
2823
7376
2069
1979
1571
6266
1124
1118
1698
1176
2403
4329
9782
7969
3067
8450
4496
8457
7081
57
2625
4751
9514
5857
4778
1446
5201
6086
7441
8351
6154
3911
6037
6241
2302
2681
956
5462
8939
773
5378
2247
6124
4251
8113
9357
9946
1706
5114
6178
8835
841
6760
6170
2569
2897
5284
5520
7610
560
8397
4628
7188
7667
5151
168
4109
2242
767
4353
6731
4600
7059
5463
2239
8926
2982
5027
2071
6439
6599
9941
2987
195
1227
1430
7950
2422
6292
7201
7509
1864
4388
1100
1500
6053
9346
931
2595
9970
8548
8385
1225
9415
6114
8463
2630
7599
1887
6019
7173
6078
3487
3594
8311
721
4995
1617
9626
6079
7978
8782
4530
7574
8820
9647
5543
7871
3293
3900
4752
6379
7349
7681
3695
8056
9826
788
4446
9112
2629
8676
2114
1023
4105
3375
4772
3753
6796
9575
4450
7706
8801
9529
921
8024
9492
3791
8705
6895
7156
8704
7040
1104
3914
8971
1919
413
2562
9296
7705
7346
5477
9166
2364
3176
113
2013
3543
6612
602
4133
896
7919
4592
7080
7462
7770
9048
9824
8341
9909
6968
4144
2200
5403
5598
6666
463
4719
6119
8998
5059
3517
1624
3549
8313
1537
7315
1111
8050
4355
4978
7272
7744
3684
6659
392
5031
9731
758
1188
1321
1634
7480
2668
1174
1432
6753
9092
9740
4606
4764
6962
2805
1532
8152
5711
7641
214
494
5344
6628
4257
7381
2547
3682
9305
3076
7
1874
2997
8914
244
414
4757
5042
4841
7378
3179
3666
7236
9783
4512
5639
8069
1195
2461
5602
6260
6197
9001
8452
5155
7155
4116
2580
840
4572
6834
8613
644
8833
106
4804
5546
1696
2719
3013
5121
2888
8864
1320
3409
4830
8223
2882
5052
7468
8538
4007
4725
3140
8460
8451
1607
3636
8111
9297
2040
8728
2961
991
2650
3834
5753
7711
5659
293
7446
9283
4798
6076
7646
3595
5724
3475
3536
7334
3588
5256
2070
1699
2250
9893
3368
4039
9402
3373
1421
4002
6180
6737
194
2217
9768
1878
3470
1533
8490
1307
8488
6208
4560
7642
2386
3006
3397
942
3925
4266
125
5
348
2224
8328
9153
3768
9599
596
2904
6809
216
132
9998
2044
7395
1139
6587
794
7297
7565
3236
4429
3622
9884
2169
5999
3325
3685
4113
5544
7423
2462
5106
88
3801
6933
8928
7379
373
2005
6200
6825
9921
257
9201
1587
8615
3561
7996
2144
2370
665
5968
182
8390
9367
5435
4578
6880
567
3538
4400
3265
5140
4702
218
3799
6356
2116
8225
4650
8280
7755
450
4356
171
1281
234
5295
6391
6093
6513
1975
1904
9439
9441
9673
5175
857
6871
5914
9149
3069
5342
6071
9
2308
2757
7640
1110
5007
6502
1708
5763
8895
9093
6670
1654
6943
7306
8198
2886
1199
4244
4794
3593
2047
9425
1959
5465
8409
1033
388
5035
5588
8902
4114
5957
9973
6596
8108
5787
6655
6017
593
8495
6570
2577
1583
789
2773
3935
7511
6771
5897
3665
7408
2959
7703
8479
9095
5036
5434
8473
897
5529
7670
4575
4925
7406
2206
3312
5065
3452
8171
3318
4415
1038
5826
4748
4997
725
5803
7241
594
5868
7247
5073
2881
3122
8531
9395
9127
6575
4316
6307
5667
756
2780
3637
2883
8977
847
2285
9843
3349
5329
1789
9312
6112
2922
6676
2930
5466
5630
5124
6201
1317
3958
4270
2875
4309
5070
1051
326
7261
7749
2480
2316
982
6740
4155
5528
6601
5231
412
8096
9811
483
3037
6240
322
4920
6993
9248
5531
6558
8400
9477
5120
6682
185
6187
8155
5755
7311
8952
831
4121
5112
5582
7794
8943
1458
3158
351
3650
4136
5179
12
2956
1922
2128
4350
5366
6891
5372
1146
5236
7227
1200
8886
9684
771
2056
2477
6025
7687
3290
9548
6355
3979
7394
8052
354
9841
4277
5961
9252
2261
1049
1235
3231
9481
3817
5653
6399
3268
713
4152
4044
267
9188
6683
8967
9455
559
1165
2914
2958
6979
2732
7982
1109
2643
7562
5633
8950
9180
3547
3046
4207
8238
6874
6297
4930
4226
8286
9286
3672
9622
577
1517
9644
180
1275
3332
6561
1181
6686
5093
5600
5870
625
2879
3582
2096
2446
9051
1898
5941
1659
1387
4946
5214
6216
8605
9895
89
2464
9177
138
2975
9524
2399
2413
3625
5717
5569
2375
7639
1055
5985
1162
8205
7716
4062
9503
2099
1001
3135
2259
1027
3785
9132
9550
339
849
1780
7493
1872
5389
3970
5728
2414
5088
4300
6378
9819
4895
7332
3730
9086
2030
4395
4789
307
9726
2383
7249
4223
5900
4664
7042
9299
4224
5156
5995
7028
8778
8470
524
947
1594
6158
9306
2663
7269
1143
8010
4792
5050
8483
3047
5083
6595
8037
2504
2472
994
4319
7444
8273
8639
2154
3416
37
6291
8703
1045
2658
235
7645
1093
5863
8596
5640
4975
7999
6798
4341
6966
9853
5398
8284
7908
6313
7812
2437
3927
996
3855
5954
8559
9937
4940
4550
5060
8144
5504
4421
9885
8812
5199
8035
6140
1121
5412
8717
2106
4931
7792
3091
7535
5814
5324
6782
2015
1502
9154
4739
1600
6718
6851
855
4646
6463
3208
4912
2619
5817
6080
8344
4396
1838
981
2439
6449
9607
7235
8817
3897
8327
4459
8731
4115
9061
6981
5675
7883
3997
8881
6579
9389
2819
1513
9860
4849
3493
5370
8407
5860
2062
4679
9170
9109
5876
2142
4305
8315
5041
8587
4505
7137
9278
5847
7337
1239
6691
4096
9541
1400
4783
8979
2615
6319
7075
2880
1649
476
1715
1970
3974
7773
128
3358
2525
6160
5992
917
4222
7467
2671
3394
9565
2854
4214
9097
2718
4828
2449
4269
4855
1427
4678
7083
8553
9495
1672
1709
5925
1257
7273
9449
9582
2310
7698
2054
526
6312
4886
1236
6853
9573
2942
8713
3019
2257
7477
9392
1867
1552
3899
4965
382
3279
5890
9209
3058
4966
8826
6668
6855
2988
4122
8719
1837
7257
4676
6953
2789
8324
8309
712
7197
3367
122
1350
5438
9447
2221
6512
3711
2051
3750
8430
9756
1557
1868
7044
7499
2561
2581
960
5658
8827
8147
3143
3410
2826
6011
7676
2967
5877
9717
2654
2709
6693
9723
2110
5364
6530
1991
2976
8214
2338
4000
7926
6087
8187
9511
1277
403
666
4696
8497
1293
3342
4217
635
6350
8211
8750
8075
8087
5173
9898
5026
7653
3214
6044
6928
2152
6769
8637
8322
5609
8253
9309
7222
8715
8941
4487
6902
3903
8597
2416
3756
7846
9939
4680
1463
4852
6096
4819
8048
623
9018
6918
8874
6909
7898
5494
496
1917
4566
6937
8140
2018
3552
2868
6757
8016
6033
6821
629
3323
9983
8733
9280
7041
5043
5133
7717
1289
4417
5783
9116
3725
7707
2389
9045
9694
3777
8543
2769
3767
4746
1778
5160
7082
2342
3128
9023
4689
7507
8671
3933
3481
5562
5386
656
4782
520
8786
5092
7627
1068
3248
4320
5143
6532
2913
3456
1309
2426
9848
1448
1459
3134
4491
1731
3804
9890
4905
3709
9244
1002
2590
3507
4626
9746
1907
674
123
4907
2378
3408
4932
7816
2365
2459
3987
3560
5425
7597
4154
2238
7631
389
1115
1360
5786
4633
3551
1712
7941
9475
6255
467
5827
8143
1133
6134
1541
4156
7234
8020
7679
8912
9536
1529
5289
9017
2582
1206
1509
7960
8282
1074
291
7439
3522
8767
5865
8335
9526
1946
9950
1029
5248
8449
5506
7160
7514
8055
5824
9911
4216
3090
6578
9784
1211
9809
6758
1388
9928
5746
7966
8252
8471
8611
8994
2944
5322
5965
1555
8192
9896
3239
3415
1702
8547
9751
5069
5450
1166
6365
6775
8679
1652
8039
8454
8818
374
1783
5778
5915
647
5791
1969
7130
3486
8001
1921
2933
2347
4668
7141
2520
4532
4869
6761
3641
2329
7813
1242
7563
9683
1177
3691
8644
874
5154
6287
8337
1604
8091
4537
6734
8359
1956
2749
4564
4827
9428
2996
1900
2201
9363
2557
2187
2558
1512
6959
1442
6401
9212
1395
43
783
8953
1605
8775
9588
1470
8031
2620
3519
2641
5651
3754
1274
3174
4186
9775
9817
4540
9815
1454
4742
8500
1278
6387
3406
3828
1714
9690
532
1889
2007
1563
3833
2327
6824
1091
1911
3387
8316
1933
5765
7419
8730
6303
3080
3291
2640
8247
6321
5741
8243
319
2895
3721
2864
4209
4240
2613
7758
8180
6685
8060
3296
1831
5646
8474
5225
5510
6497
6808
5213
6368
4492
6843
449
645
3608
5792
9944
6222
9019
6826
3606
4544
7500
2016
8120
6973
3544
4962
5445
2689
7321
9531
8114
2991
7011
5729
8265
4729
7925
2473
8824
4829
231
1385
5235
3082
8618
9779
1664
4569
9829
8505
224
9419
5577
2824
1531
4134
8248
5969
8549
2743
4469
7756
2134
6308
1909
9325
5636
8519
8117
7839
801
4667
8991
8326
868
4177
6998
9232
6117
6538
6563
8260
726
8973
8960
7026
4145
7070
1268
6527
5021
9505
7062
2600
930
1472
3106
9021
6326
7660
5797
5129
9053
3848
3531
47
1547
5932
2723
672
5397
5869
278
3146
429
6165
8467
1265
7848
3784
4118
603
1611
3480
5810
6850
7656
263
2552
7242
9613
6376
2209
8399
5331
9332
1704
4793
856
2027
3771
4059
1521
4139
4899
8813
6774
5227
6814
8269
7316
9929
2373
3366
9487
1723
4371
2727
5519
3918
8662
2093
6171
6490
5669
2511
7665
879
5734
6917
9542
3847
5291
4984
3687
2226
31
2624
7842
5516
6669
9468
6681
5872
7248
4229
7386
455
8468
1433
312
5607
6452
3920
8756
675
4684
8533
9512
58
3341
7520
9528
6547
2811
6113
9729
5698
402
2455
9454
792
5478
3638
6100
3212
1300
5312
8920
2808
5243
343
7719
1140
3562
460
5556
9062
6024
4127
7625
9670
3981
4790
5666
6533
156
243
9940
1183
6304
6436
7079
941
4168
5561
6309
7324
8258
8792
935
1132
5363
7577
9663
5332
7643
3736
7387
9409
3645
6426
9374
6276
8195
8321
7700
1884
7221
3619
7125
7601
8256
377
1805
1899
5910
2023
3803
8300
1353
2312
7437
7778
8707
4953
9787
4246
3816
2538
4420
4027
8200
9225
4735
4786
2
2009
9033
4163
5935
4337
4260
4188
3657
6621
6964
1178
4834
3257
111
7633
9833
5756
6773
6482
826
1476
222
5491
3463
3912
1061
3870
6085
1609
5190
6960
1688
8382
6068
9324
2393
8894
7282
5105
6008
7745
5947
2604
658
1344
9844
7256
8029
2032
7190
2366
3950
9076
7109
7704
2035
9146
9328
718
7618
3988
5257
933
2618
5071
7686
2107
6029
7004
9348
2318
7134
5238
5250
9128
4766
385
9830
3874
4405
1083
798
6035
5776
1217
1787
4393
4654
902
3020
4588
8298
9126
4404
6792
5610
2207
9195
2926
7603
4146
4963
8386
179
711
8183
2264
7892
8859
4874
7151
6410
5684
5481
657
7353
8465
4753
5198
5258
2751
3529
5665
7724
8972
474
6859
155
7585
4616
8151
9875
3093
3258
7074
9007
2593
6648
6863
8104
3716
2249
7290
8376
2363
5396
6405
1632
1776
7432
1687
5804
8740
6246
7666
2272
8534
8178
2079
6395
8774
4785
6739
7869
1841
3188
3432
3919
7435
9589
6256
9144
1564
8348
4765
4543
6075
3934
7976
5956
8424
9698
3938
1481
5580
1471
1638
2172
4780
7215
3628
7775
2544
5468
9335
1413
92
8201
8239
4857
6221
6603
3124
8301
105
2320
5809
9466
9906
6844
9506
9737
252
2255
2356
6507
891
4227
7458
4969
5024
5539
8487
3438
9249
6580
4599
6537
8564
8566
5685
8598
2860
6371
9191
9691
6382
7142
7694
5733
1896
8612
4479
3929
5936
7844
9794
9301
499
4110
2539
2905
6767
2301
4528
8509
4095
9198
4853
704
114
7253
334
5267
9377
2931
4020
8226
5499
6150
7780
4471
8493
8821
3004
3849
1031
4465
3809
9710
9572
951
6031
9989
2950
5269
2175
1155
5149
7291
2266
2575
5838
3087
8697
6795
8819
5394
6249
9859
2173
980
4618
5858
7540
3831
6347
7852
5034
775
2622
5303
4983
728
4548
4840
2397
6889
2398
6762
9105
5511
2193
3353
6403
7309
8776
3206
6817
2278
2809
9905
9458
4019
7077
6144
523
8019
9321
9728
2359
369
7915
9499
8033
3952
8496
5202
8687
3328
3824
1680
163
8093
2541
9865
3112
4722
8365
3839
1008
5835
7753
2946
3473
909
2058
7872
9645
4670
5164
5436
6593
8475
5016
677
8012
664
5618
621
1408
4082
9862
2857
8798
2189
5970
5275
7181
1759
7422
433
3868
9315
1530
7859
6174
6567
4586
5475
1456
2705
3030
5777
3707
4673
7602
1310
7501
4500
246
3954
8625
9150
2155
9115
186
6394
4701
2838
3244
1670
3775
6930
4384
8219
866
3428
4672
8263
2866
1616
8295
2082
3883
6193
7554
8461
8456
9207
5643
6624
1407
1827
3277
9502
3241
6334
6559
511
818
4688
2048
4968
823
2916
9920
9584
3086
8065
5017
2665
8353
2772
3795
7935
8594
8161
5260
9583
269
5417
7183
7652
7055
642
6921
6028
7348
7064
1077
9549
3129
4943
7678
9916
8464
1725
2530
7508
8074
4737
1924
2132
3088
3805
568
3429
9186
2443
2674
8593
2214
3250
3204
9405
8510
5167
5938
7548
9864
634
1071
3668
3889
479
7185
3902
7414
3003
5896
620
5613
7827
8235
1675
3062
4565
5023
2832
9590
5880
3177
4497
4987
396
3280
3333
1024
2567
391
3639
6381
1435
9258
807
9271
359
3035
4143
799
2451
5898
169
2196
73
6477
16
985
6305
7847
451
6299
571
3289
286
1000
920
6725
1474
4747
9204
1963
8718
3197
4346
3528
8907
7856
3523
6535
5619
6427
1439
3203
6310
7258
7584
6829
5205
7734
9701
4815
6660
8429
607
7752
1175
6459
2174
3800
4028
4034
4866
3202
6302
7220
8054
8228
2220
8791
6732
5109
4128
8042
9796
4455
808
3092
5560
6649
5029
7608
606
1569
6406
968
3182
5304
8264
7478
1312
1677
7956
6398
1287
5881
5527
9709
5850
5137
5594
1374
6151
1477
8401
1173
3957
4048
8296
3999
5916
1466
5749
5811
7096
3426
9835
8652
346
7005
5984
751
1671
7552
238
815
3858
41
7445
8319
4856
36
1923
3063
15
8304
2065
2911
4993
7259
828
5604
9601
1303
7313
7903
9243
4915
6284
6982
5314
5533
2160
3613
3449
2806
2974
6939
1262
4724
953
7072
837
2790
199
1666
565
7088
839
2678
2184
2170
6430
1996
3969
5547
6320
5451
6790
9185
3467
5439
146
5422
1036
2666
5087
9401
5222
6473
9899
352
1768
1377
5391
6613
7470
6961
2825
76
1202
3023
4347
7320
4045
4424
7743
135
1479
250
1352
5871
9725
7390
1059
3616
3723
2086
1815
8752
9791
814
5437
5891
365
1757
2230
3483
6077
619
2932
714
6152
7333
1528
8088
9438
873
626
2085
6870
7824
2156
7571
8546
4211
4451
9042
6046
7476
9279
9313
1511
1637
4928
8503
8507
9082
2135
9031
5107
2837
7492
2331
395
3689
7465
82
6658
2334
6082
1103
2503
8850
6235
3781
1182
4941
1482
624
4423
2616
3494
6453
418
350
592
2317
8418
5188
1131
3572
8916
6503
6129
976
4124
2597
4779
7991
5321
6963
1306
3621
4175
4980
7720
8342
8732
9386
1382
7049
167
6419
7091
2248
7153
8800
5990
6346
9578
20
2684
2345
5514
7496
7161
4288
6819
8077
1553
4534
1523
7990
3895
5963
1615
3418
8040
4761
7366
2559
6354
3842
6472
5474
8049
8849
2362
2549
6342
862
2309
4806
8863
9175
4745
3026
5748
5392
6027
8976
7831
1391
2925
3923
8003
699
2759
201
2227
2408
7923
8870
7100
7114
927
2025
8213
6327
8094
4639
5905
4283
9669
453
4873
7279
6623
8394
9886
4302
676
690
6643
5839
8303
3890
8635
6437
1885
2966
5086
9945
2182
4989
5716
6886
6710
2084
38
8896
5973
822
5361
5564
1862
9687
2120
6500
1691
1999
4013
437
4362
3272
2579
5681
6244
8695
87
3559
4579
314
5346
141
6747
3226
5145
8285
3811
4843
7265
1113
2750
4608
1229
9176
2157
7747
1925
417
5631
6063
6081
9508
8904
9413
3476
4173
1879
6573
6846
7912
3844
6783
8312
2406
4235
9681
5032
2675
6228
459
1653
3361
5572
8246
9077
